id(a),a.type,a.tag,b.timestamp,b.type,id(c),c.type,c.tag
2142,connection,attack,1621257810.0,ssh_connection,18857,process,attack
2143,connection,attack,1621257810.0,ssh_connection,18856,process,attack
2150,connection,attack,1621257810.0,ssh_connection,18855,process,attack
2151,process,null,1621036800.373,mknod,2187,file,null
2152,process,null,1621123200.126,mknod,2135,file,null
2153,process,null,1621209600.377,mknod,2137,file,null
2154,process,null,1620864000.122,mknod,2178,file,null
2155,process,null,1620950400.123,mknod,2166,file,null
2158,process,null,1621030645.616,Process_Create,7421,process,null
2158,process,null,1621030645.616,Process_Create,8562,process,null
2158,process,null,1621030645.616,Process_Create,25633,process,null
2158,process,null,1621030645.616,Process_Create,25632,process,null
2158,process,null,1621030645.616,Process_Create,7422,process,null
2158,process,null,1621030645.616,Process_Create,7420,process,null
2158,process,null,1621030645.616,Process_Create,25635,process,null
2158,process,null,1621030645.616,Process_Create,25634,process,null
2158,process,null,1621030645.616,Process_Create,3617,process,null
2158,process,null,1621030645.616,Process_Create,3031,process,null
2159,process,null,1621063685.866,Process_Create,25642,process,null
2159,process,null,1621063685.866,Process_Create,25644,process,null
2159,process,null,1621063685.866,Process_Create,25643,process,null
2159,process,null,1621063685.866,Process_Create,3033,process,null
2159,process,null,1621063685.866,Process_Create,7426,process,null
2159,process,null,1621063685.866,Process_Create,7427,process,null
2159,process,null,1621063685.866,Process_Create,3618,process,null
2159,process,null,1621063685.866,Process_Create,8566,process,null
2159,process,null,1621063685.866,Process_Create,7425,process,null
2159,process,null,1621063685.866,Process_Create,25641,process,null
2197,process,attack,1621030182.000,Process_Create,26293,process,attack
2197,process,attack,1620857402.000,Process_Create,26343,process,attack
2197,process,attack,1621090800.000,Process_Create,26286,process,attack
2197,process,attack,1620866855.000,Process_Create,26315,process,attack
2197,process,attack,1620857402.000,Process_Create,26403,process,attack
2197,process,attack,1621231791.000,Process_Create,26269,process,attack
2197,process,attack,1621151279.000,Process_Create,26280,process,attack
2197,process,attack,1620959400.000,Process_Create,26299,process,attack
2197,process,attack,1621215000.000,Process_Create,26273,process,attack
2197,process,attack,1620857402.000,Process_Create,26351,process,attack
2197,process,attack,1620857604.000,Process_Create,26326,process,attack
2197,process,attack,1621174188.000,Process_Create,26277,process,attack
2197,process,attack,1620857402.000,Process_Create,26390,process,attack
2197,process,attack,1621001381.000,Process_Create,26297,process,attack
2197,process,attack,1620857425.000,Process_Create,26334,process,attack
2197,process,attack,1621087785.000,Process_Create,26288,process,attack
2197,process,attack,1620885601.000,Process_Create,26307,process,attack
2197,process,attack,1620866854.000,Process_Create,26316,process,attack
2197,process,attack,1620857402.000,Process_Create,26348,process,attack
2197,process,attack,1621022400.000,Process_Create,26294,process,attack
2197,process,attack,1620954000.000,Process_Create,26301,process,attack
2197,process,attack,1620859164.000,Process_Create,26318,process,attack
2197,process,attack,1620857402.000,Process_Create,26341,process,attack
2197,process,attack,1620857402.000,Process_Create,26410,process,attack
2197,process,attack,1620914977.000,Process_Create,26305,process,attack
2197,process,attack,1620886175.000,Process_Create,26306,process,attack
2197,process,attack,1620857402.000,Process_Create,26407,process,attack
2197,process,attack,1621126800.000,Process_Create,26283,process,attack
2197,process,attack,1620877701.000,Process_Create,26312,process,attack
2197,process,attack,1621045800.000,Process_Create,26290,process,attack
2197,process,attack,1620876600.000,Process_Create,26313,process,attack
2197,process,attack,1620857402.000,Process_Create,26340,process,attack
2197,process,attack,1620952203.000,Process_Create,26303,process,attack
2197,process,attack,1620955800.000,Process_Create,26300,process,attack
2197,process,attack,1621034145.000,Process_Create,26292,process,attack
2197,process,attack,1620857402.000,Process_Create,26400,process,attack
2197,process,attack,1620857402.000,Process_Create,26401,process,attack
2197,process,attack,1620858415.000,Process_Create,26322,process,attack
2197,process,attack,1620857402.000,Process_Create,26382,process,attack
2197,process,attack,1621010775.000,Process_Create,26296,process,attack
2197,process,attack,1620858864.000,Process_Create,26319,process,attack
2197,process,attack,1620857405.000,Process_Create,26338,process,attack
2197,process,attack,1621058983.000,Process_Create,26289,process,attack
2197,process,attack,1620858415.000,Process_Create,26323,process,attack
2197,process,attack,1620857402.000,Process_Create,26372,process,attack
2197,process,attack,1621211400.000,Process_Create,26274,process,attack
2197,process,attack,1620878964.000,Process_Create,26311,process,attack
2197,process,attack,1620972579.000,Process_Create,26298,process,attack
2197,process,attack,1621227600.000,Process_Create,26270,process,attack
2197,process,attack,1620943778.000,Process_Create,26304,process,attack
2197,process,attack,1620857402.000,Process_Create,26349,process,attack
2197,process,attack,1621125000.000,Process_Create,26284,process,attack
2197,process,attack,1620865800.000,Process_Create,26317,process,attack
2197,process,attack,1621178232.000,Process_Create,26276,process,attack
2197,process,attack,1620879375.000,Process_Create,26309,process,attack
2197,process,attack,1620873000.000,Process_Create,26314,process,attack
2197,process,attack,1620857406.000,Process_Create,26337,process,attack
2197,process,attack,1620857402.000,Process_Create,26339,process,attack
2197,process,attack,1621218600.000,Process_Create,26272,process,attack
2197,process,attack,1621202990.000,Process_Create,26275,process,attack
2197,process,attack,1621116586.000,Process_Create,26285,process,attack
2197,process,attack,1620857402.000,Process_Create,26350,process,attack
2197,process,attack,1621260592.000,Process_Create,2198,process,attack
2197,process,attack,1621038600.000,Process_Create,26291,process,attack
2197,process,attack,1620878964.000,Process_Create,26310,process,attack
2197,process,attack,1620858415.000,Process_Create,26320,process,attack
2197,process,attack,1620857402.000,Process_Create,26404,process,attack
2197,process,attack,1621132200.000,Process_Create,26282,process,attack
2197,process,attack,1620857604.000,Process_Create,26324,process,attack
2197,process,attack,1620857402.000,Process_Create,26263,process,attack
2197,process,attack,1620858415.000,Process_Create,26321,process,attack
2197,process,attack,1620857604.000,Process_Create,26327,process,attack
2197,process,attack,1620857402.000,Process_Create,26405,process,attack
2197,process,attack,1621145387.000,Process_Create,26281,process,attack
2197,process,attack,1621159200.000,Process_Create,26278,process,attack
2199,process,attack,1621256811.000,Process_Create,26260,process,attack
2199,process,attack,1621256807.000,Process_Create,26261,process,attack
2199,process,attack,1621256819.000,File_System,2196,file,attack
2220,process,null,1621084576.368,Process_Create,8570,process,null
2220,process,null,1621084576.368,Process_Create,7429,process,null
2220,process,null,1621084576.368,Process_Create,25648,process,null
2220,process,null,1621084576.368,Process_Create,25650,process,null
2220,process,null,1621084576.368,Process_Create,7428,process,null
2220,process,null,1621084576.368,Process_Create,25649,process,null
2220,process,null,1621084576.368,Process_Create,3619,process,null
2220,process,null,1621084576.368,Process_Create,3035,process,null
2220,process,null,1621084576.368,Process_Create,7430,process,null
2220,process,null,1621084576.368,Process_Create,25647,process,null
2221,process,null,1621149841.369,Process_Create,7434,process,null
2221,process,null,1621149841.369,Process_Create,3620,process,null
2221,process,null,1621149841.369,Process_Create,25654,process,null
2221,process,null,1621149841.369,Process_Create,25653,process,null
2221,process,null,1621149841.369,Process_Create,7433,process,null
2221,process,null,1621149841.369,Process_Create,3037,process,null
2221,process,null,1621149841.369,Process_Create,25655,process,null
2221,process,null,1621149841.369,Process_Create,7435,process,null
2221,process,null,1621149841.369,Process_Create,8577,process,null
2221,process,null,1621149841.369,Process_Create,25656,process,null
2222,process,null,1621199838.364,Process_Create,8584,process,null
2222,process,null,1621199838.364,Process_Create,3039,process,null
2222,process,null,1621199838.364,Process_Create,25660,process,null
2222,process,null,1621199838.364,Process_Create,25663,process,null
2222,process,null,1621199838.364,Process_Create,25661,process,null
2222,process,null,1621199838.364,Process_Create,7438,process,null
2222,process,null,1621199838.364,Process_Create,7437,process,null
2222,process,null,1621199838.364,Process_Create,25662,process,null
2222,process,null,1621199838.364,Process_Create,7439,process,null
2222,process,null,1621199838.364,Process_Create,3621,process,null
2223,process,null,1621221812.866,Process_Create,25668,process,null
2223,process,null,1621221812.866,Process_Create,7442,process,null
2223,process,null,1621221812.866,Process_Create,7441,process,null
2223,process,null,1621221812.866,Process_Create,3622,process,null
2223,process,null,1621221812.866,Process_Create,25669,process,null
2223,process,null,1621221812.866,Process_Create,25666,process,null
2223,process,null,1621221812.866,Process_Create,25667,process,null
2223,process,null,1621221812.866,Process_Create,8586,process,null
2223,process,null,1621221812.866,Process_Create,3041,process,null
2223,process,null,1621221812.866,Process_Create,7440,process,null
2224,process,null,1620923190.119,Process_Create,7448,process,null
2224,process,null,1620923190.119,Process_Create,25674,process,null
2224,process,null,1620923190.119,Process_Create,7447,process,null
2224,process,null,1620923190.119,Process_Create,25676,process,null
2224,process,null,1620923190.119,Process_Create,8600,process,null
2224,process,null,1620923190.119,Process_Create,25677,process,null
2224,process,null,1620923190.119,Process_Create,7446,process,null
2224,process,null,1620923190.119,Process_Create,3623,process,null
2224,process,null,1620923190.119,Process_Create,25675,process,null
2224,process,null,1620923190.119,Process_Create,3043,process,null
2225,process,null,1620978618.371,Process_Create,25683,process,null
2225,process,null,1620978618.371,Process_Create,7449,process,null
2225,process,null,1620978618.371,Process_Create,7450,process,null
2225,process,null,1620978618.371,Process_Create,25682,process,null
2225,process,null,1620978618.371,Process_Create,8604,process,null
2225,process,null,1620978618.371,Process_Create,25681,process,null
2225,process,null,1620978618.371,Process_Create,3624,process,null
2225,process,null,1620978618.371,Process_Create,7451,process,null
2225,process,null,1620978618.371,Process_Create,3045,process,null
2225,process,null,1620978618.371,Process_Create,25684,process,null
2226,process,null,1620867880.617,Process_Create,3625,process,null
2226,process,null,1620867880.617,Process_Create,3047,process,null
2226,process,null,1620867880.617,Process_Create,25687,process,null
2226,process,null,1620867880.617,Process_Create,25686,process,null
2226,process,null,1620867880.617,Process_Create,25688,process,null
2226,process,null,1620867880.617,Process_Create,8605,process,null
2226,process,null,1620867880.617,Process_Create,7453,process,null
2226,process,null,1620867880.617,Process_Create,7452,process,null
2226,process,null,1620867880.617,Process_Create,25689,process,null
2226,process,null,1620867880.617,Process_Create,7454,process,null
2321,process,null,1621254156.218,Process_Create,8511,process,null
2321,process,null,1621254156.218,Process_Create,7297,process,null
2321,process,null,1621254156.218,Process_Create,7535,process,null
2321,process,null,1621254156.218,Process_Create,8512,process,null
2322,process,null,1621255492.729,Process_Create,7536,process,null
2323,process,null,1620856480.224,Process_Create,25565,process,null
2323,process,null,1620856480.224,Process_Create,7342,process,null
2323,process,null,1620856480.224,Process_Create,25581,process,null
2323,process,null,1620856480.224,Process_Create,25577,process,null
2323,process,null,1620856480.224,Process_Create,25570,process,null
2323,process,null,1620856480.224,Process_Create,25567,process,null
2323,process,null,1620856480.224,Process_Create,25569,process,null
2323,process,null,1620856480.224,Process_Create,8519,process,null
2323,process,null,1620856480.224,Process_Create,8517,process,null
2323,process,null,1620856480.224,Process_Create,25575,process,null
2323,process,null,1620856480.224,Process_Create,8518,process,null
2323,process,null,1620856480.224,Process_Create,25576,process,null
2323,process,null,1620856480.224,Process_Create,25574,process,null
2323,process,null,1620856480.224,Process_Create,25564,process,null
2323,process,null,1620856480.224,Process_Create,25568,process,null
2323,process,null,1620856480.224,Process_Create,25582,process,null
2323,process,null,1620856480.224,Process_Create,25580,process,null
2323,process,null,1620856480.224,Process_Create,8620,process,null
2323,process,null,1620856480.224,Process_Create,4404,process,null
2323,process,null,1620856480.224,Process_Create,4394,process,null
2323,process,null,1620856480.224,Process_Create,4402,process,null
2323,process,null,1620856480.224,Process_Create,7341,process,null
2323,process,null,1620856480.224,Process_Create,25578,process,null
2323,process,null,1620856480.224,Process_Create,4397,process,null
2323,process,null,1620856480.224,Process_Create,4399,process,null
2323,process,null,1620856480.224,Process_Create,25571,process,null
2323,process,null,1620856480.224,Process_Create,25566,process,null
2323,process,null,1620856480.224,Process_Create,8516,process,null
2323,process,null,1620856480.224,Process_Create,25579,process,null
2323,process,null,1620856480.224,Process_Create,25573,process,null
2323,process,null,1620856480.224,Process_Create,25572,process,null
2323,process,null,1620856480.224,Process_Create,8515,process,null
2323,process,null,1620856480.224,Process_Create,25583,process,null
2323,process,null,1620856480.224,Process_Create,4396,process,null
2323,process,null,1620856480.224,Process_Create,4400,process,null
2324,process,null,1620856480.404,Process_Create,25584,process,null
2324,process,null,1620856480.404,Process_Create,25586,process,null
2324,process,null,1620856480.404,Process_Create,25590,process,null
2324,process,null,1620856480.404,Process_Create,8623,process,null
2324,process,null,1620856480.404,Process_Create,25589,process,null
2324,process,null,1620856480.404,Process_Create,4407,process,null
2324,process,null,1620856480.404,Process_Create,8520,process,null
2324,process,null,1620856480.404,Process_Create,26110,process,null
2324,process,null,1620856480.404,Process_Create,4409,process,null
2324,process,null,1620856480.404,Process_Create,21955,process,null
2324,process,null,1620856480.404,Process_Create,8521,process,null
2324,process,null,1620856480.404,Process_Create,25591,process,null
2324,process,null,1620856480.404,Process_Create,21954,process,null
2324,process,null,1620856480.404,Process_Create,25588,process,null
2324,process,null,1620856480.404,Process_Create,8522,process,null
2324,process,null,1620856480.404,Process_Create,4405,process,null
2324,process,null,1620856480.404,Process_Create,25585,process,null
2324,process,null,1620856480.404,Process_Create,25587,process,null
2324,process,null,1620856480.404,Process_Create,25593,process,null
2324,process,null,1620856480.404,Process_Create,25592,process,null
2327,process,null,1620856480.745,Process_Create,7381,process,null
2327,process,null,1620856480.745,Process_Create,26226,process,null
2327,process,null,1620856480.745,Process_Create,7380,process,null
2327,process,null,1620856480.745,Process_Create,4420,process,null
2327,process,null,1620856480.745,Process_Create,4419,process,null
2327,process,null,1620856480.745,Process_Create,4421,process,null
2327,process,null,1620856480.745,Process_Create,3861,process,null
2327,process,null,1620856480.745,Process_Create,3860,process,null
2327,process,null,1620856480.745,Process_Create,4417,process,null
2328,process,null,1620856481.365,Process_Create,25604,process,null
2328,process,null,1620856481.365,Process_Create,8567,process,null
2328,process,null,1620856481.365,Process_Create,25605,process,null
2328,process,null,1620856481.365,Process_Create,8631,process,null
2328,process,null,1620856481.365,Process_Create,4365,process,null
2328,process,null,1620856481.365,Process_Create,8526,process,null
2328,process,null,1620856481.365,Process_Create,11559,process,null
2328,process,null,1620856481.365,Process_Create,25607,process,null
2328,process,null,1620856481.365,Process_Create,2368,process,null
2328,process,null,1620856481.365,Process_Create,4364,process,null
2328,process,null,1620856481.365,Process_Create,25606,process,null
2328,process,null,1620856481.365,Process_Create,4427,process,null
2328,process,null,1620856481.365,Process_Create,2367,process,null
2328,process,null,1620856481.365,Process_Create,7423,process,null
2329,process,null,1620856483.289,Process_Create,8636,process,null
2329,process,null,1620856483.289,Process_Create,26124,process,null
2329,process,null,1620856483.289,Process_Create,7418,process,null
2329,process,null,1620856483.289,Process_Create,6632,process,null
2329,process,null,1620856483.289,Process_Create,2925,process,null
2330,process,null,1620856483.369,Process_Create,2926,process,null
2330,process,null,1620856483.369,Process_Create,21956,process,null
2330,process,null,1620856483.369,Process_Create,8637,process,null
2331,process,null,1620856483.385,Process_Create,8639,process,null
2331,process,null,1620856483.385,Process_Create,8554,process,null
2331,process,null,1620856483.385,Process_Create,2928,process,null
2332,process,null,1621253401.728,Process_Create,7557,process,null
2352,process,null,1621147924.14,Process_Create,8797,process,null
2353,process,null,1621147924.144,Process_Create,8591,process,null
2353,process,null,1621147924.144,Process_Create,4371,process,null
2353,process,null,1621147924.144,Process_Create,7444,process,null
2353,process,null,1621147924.144,Process_Create,4372,process,null
2353,process,null,1621147924.144,Process_Create,2370,process,null
2353,process,null,1621147924.144,Process_Create,8798,process,null
2353,process,null,1621147924.144,Process_Create,2369,process,null
2367,process,null,1620856481.401,Process_Create,7417,process,null
2367,process,null,1620856481.401,Process_Create,2338,process,null
2367,process,null,1620856481.401,Process_Create,7479,process,null
2367,process,null,1620856481.401,Process_Create,3010,process,null
2367,process,null,1620856481.401,Process_Create,7289,process,null
2367,process,null,1620856481.401,Process_Create,7424,process,null
2367,process,null,1620856481.401,Process_Create,3024,process,null
2368,process,null,1620856482.193,Process_Create,7290,process,null
2368,process,null,1620856482.193,Process_Create,8568,process,null
2368,process,null,1620856482.193,Process_Create,2339,process,null
2369,process,null,1621147924.148,Process_Create,2354,process,null
2369,process,null,1621147924.148,Process_Create,7293,process,null
2370,process,null,1621147924.2,Process_Create,2356,process,null
2370,process,null,1621147924.2,Process_Create,2355,process,null
2370,process,null,1621147924.2,Process_Create,7294,process,null
2371,process,null,1621036801.785,Process_Create,2335,process,null
2371,process,null,1621036801.785,Process_Create,7288,process,null
2371,process,null,1621036801.785,Process_Create,2336,process,null
2372,process,null,1621123200.846,Process_Create,2343,process,null
2372,process,null,1621123200.846,Process_Create,2342,process,null
2372,process,null,1621123200.846,Process_Create,7291,process,null
2373,process,null,1621209602.041,Process_Create,7292,process,null
2373,process,null,1621209602.041,Process_Create,2348,process,null
2373,process,null,1621209602.041,Process_Create,2349,process,null
2374,process,null,1620864001.75,Process_Create,7295,process,null
2374,process,null,1620864001.75,Process_Create,2358,process,null
2374,process,null,1620864001.75,Process_Create,2359,process,null
2375,process,null,1620950400.335,Process_Create,2361,process,null
2375,process,null,1620950400.335,Process_Create,2360,process,null
2375,process,null,1620950400.335,Process_Create,7296,process,null
2376,process,null,1621059901.588,Process_Create,4892,process,null
2376,process,null,1621059901.588,Process_Create,4893,process,null
2377,process,null,1621146301.77,Process_Create,5329,process,null
2377,process,null,1621146301.77,Process_Create,5330,process,null
2378,process,null,1620887101.996,Process_Create,5505,process,null
2378,process,null,1620887101.996,Process_Create,5502,process,null
2379,process,null,1621232701.233,Process_Create,5767,process,null
2379,process,null,1621232701.233,Process_Create,5766,process,null
2380,process,null,1620973501.991,Process_Create,6365,process,null
2380,process,null,1620973501.991,Process_Create,6364,process,null
2386,process,null,1621045726.36,Process_Create,3897,process,null
2387,process,null,1621045726.512,Process_Create,3898,process,null
2388,process,null,1621045726.52,Process_Create,3899,process,null
2389,process,null,1621045726.96,Process_Create,3902,process,null
2390,process,null,1621045726.972,Process_Create,3903,process,null
2391,process,null,1621045726.98,Process_Create,3904,process,null
2392,process,null,1621045726.992,Process_Create,3905,process,null
2393,process,null,1621045726.996,Process_Create,3906,process,null
2394,process,null,1621045727.008,Process_Create,3907,process,null
2395,process,null,1621045727.016,Process_Create,3908,process,null
2396,process,null,1621060498.373,Process_Create,3915,process,null
2397,process,null,1621060498.449,Process_Create,3916,process,null
2398,process,null,1621060498.457,Process_Create,3917,process,null
2399,process,null,1621060498.813,Process_Create,3920,process,null
2400,process,null,1621060498.817,Process_Create,3921,process,null
2401,process,null,1621060498.825,Process_Create,3922,process,null
2402,process,null,1621060498.833,Process_Create,3923,process,null
2403,process,null,1621060498.837,Process_Create,3924,process,null
2404,process,null,1621060498.845,Process_Create,3925,process,null
2405,process,null,1621060498.853,Process_Create,3926,process,null
2406,process,null,1621060502.929,Process_Create,3929,process,null
2407,process,null,1621060502.937,Process_Create,3930,process,null
2408,process,null,1621060502.945,Process_Create,3931,process,null
2409,process,null,1621060502.949,Process_Create,3932,process,null
2410,process,null,1621060502.957,Process_Create,3933,process,null
2411,process,null,1621060502.965,Process_Create,3934,process,null
2412,process,null,1621060502.969,Process_Create,3935,process,null
2413,process,null,1621060569.686,Process_Create,3936,process,null
2414,process,null,1621060569.702,Process_Create,3937,process,null
2415,process,null,1621060569.706,Process_Create,3938,process,null
2416,process,null,1621060569.966,Process_Create,3941,process,null
2417,process,null,1621060569.974,Process_Create,3942,process,null
2418,process,null,1621060569.978,Process_Create,3943,process,null
2419,process,null,1621060569.986,Process_Create,3944,process,null
2420,process,null,1621060569.99,Process_Create,3945,process,null
2421,process,null,1621060569.998,Process_Create,3946,process,null
2422,process,null,1621060570.002,Process_Create,3947,process,null
2423,process,null,1620887102.331,Process_Create,3949,process,null
2424,process,null,1620887103.871,Process_Create,3950,process,null
2425,process,null,1620887105.223,Process_Create,3955,process,null
2426,process,null,1620887105.227,Process_Create,3956,process,null
2427,process,null,1620887105.235,Process_Create,3957,process,null
2428,process,null,1620887105.239,Process_Create,3958,process,null
2429,process,null,1620887105.243,Process_Create,3959,process,null
2430,process,null,1620887105.247,Process_Create,3960,process,null
2431,process,null,1620887105.247,Process_Create,3961,process,null
2432,process,null,1620887647.698,Process_Create,3962,process,null
2433,process,null,1620887647.702,Process_Create,3963,process,null
2434,process,null,1620887647.706,Process_Create,3964,process,null
2435,process,null,1620887647.71,Process_Create,3965,process,null
2436,process,null,1620887647.714,Process_Create,3966,process,null
2437,process,null,1620887647.718,Process_Create,3967,process,null
2438,process,null,1620887647.726,Process_Create,3968,process,null
2439,process,null,1620887647.73,Process_Create,3969,process,null
2440,process,null,1620887647.762,Process_Create,3970,process,null
2441,process,null,1621112133.327,Process_Create,3974,process,null
2442,process,null,1621112133.363,Process_Create,3975,process,null
2443,process,null,1621112133.367,Process_Create,3976,process,null
2444,process,null,1621112133.663,Process_Create,3979,process,null
2445,process,null,1621112133.667,Process_Create,3980,process,null
2446,process,null,1621112133.675,Process_Create,3981,process,null
2447,process,null,1621112133.683,Process_Create,3982,process,null
2448,process,null,1621112133.691,Process_Create,3983,process,null
2449,process,null,1621112133.695,Process_Create,3984,process,null
2450,process,null,1621112133.703,Process_Create,3985,process,null
2451,process,null,1620887664.575,Process_Create,3989,process,null
2452,process,null,1620887664.579,Process_Create,3990,process,null
2453,process,null,1620887664.583,Process_Create,3991,process,null
2454,process,null,1620887664.591,Process_Create,3992,process,null
2455,process,null,1620887664.595,Process_Create,3993,process,null
2456,process,null,1620887664.599,Process_Create,3994,process,null
2457,process,null,1620887664.603,Process_Create,3995,process,null
2458,process,null,1620973501.202,Process_Create,3997,process,null
2459,process,null,1620973501.206,Process_Create,3998,process,null
2460,process,null,1620973501.662,Process_Create,4002,process,null
2461,process,null,1620973501.67,Process_Create,4003,process,null
2462,process,null,1620973501.674,Process_Create,4004,process,null
2463,process,null,1620973501.682,Process_Create,4005,process,null
2464,process,null,1620973501.686,Process_Create,4006,process,null
2465,process,null,1620973501.694,Process_Create,4007,process,null
2466,process,null,1620973501.698,Process_Create,4008,process,null
2467,process,null,1620974990.727,Process_Create,4009,process,null
2468,process,null,1620974990.731,Process_Create,4010,process,null
2469,process,null,1620974990.735,Process_Create,4011,process,null
2470,process,null,1620974990.739,Process_Create,4012,process,null
2471,process,null,1620974990.743,Process_Create,4013,process,null
2472,process,null,1620974990.747,Process_Create,4014,process,null
2473,process,null,1620974990.751,Process_Create,4015,process,null
2474,process,null,1620974990.755,Process_Create,4016,process,null
2475,process,null,1620974990.759,Process_Create,4017,process,null
2476,process,null,1621146950.335,Process_Create,4020,process,null
2477,process,null,1621146950.379,Process_Create,4021,process,null
2478,process,null,1621146950.391,Process_Create,4022,process,null
2479,process,null,1621146950.775,Process_Create,4025,process,null
2480,process,null,1621146950.783,Process_Create,4026,process,null
2481,process,null,1621146950.791,Process_Create,4027,process,null
2482,process,null,1621146950.799,Process_Create,4028,process,null
2483,process,null,1621146950.807,Process_Create,4029,process,null
2484,process,null,1621146950.819,Process_Create,4030,process,null
2485,process,null,1621146950.831,Process_Create,4031,process,null
2486,process,null,1621146956.688,Process_Create,4034,process,null
2487,process,null,1621146956.696,Process_Create,4035,process,null
2488,process,null,1621146956.708,Process_Create,4036,process,null
2489,process,null,1621146956.716,Process_Create,4037,process,null
2490,process,null,1621146956.724,Process_Create,4038,process,null
2491,process,null,1621146956.732,Process_Create,4039,process,null
2492,process,null,1621146956.74,Process_Create,4040,process,null
2493,process,null,1621159636.696,Process_Create,4044,process,null
2494,process,null,1621159636.712,Process_Create,4045,process,null
2495,process,null,1621159636.72,Process_Create,4046,process,null
2496,process,null,1621159637.004,Process_Create,4049,process,null
2497,process,null,1621159637.008,Process_Create,4050,process,null
2498,process,null,1621159637.016,Process_Create,4051,process,null
2499,process,null,1621159637.02,Process_Create,4052,process,null
2500,process,null,1621159637.028,Process_Create,4053,process,null
2501,process,null,1621159637.036,Process_Create,4054,process,null
2502,process,null,1621159637.044,Process_Create,4055,process,null
2503,process,null,1620974999.199,Process_Create,4066,process,null
2504,process,null,1620974999.203,Process_Create,4067,process,null
2505,process,null,1620974999.207,Process_Create,4068,process,null
2506,process,null,1620974999.211,Process_Create,4069,process,null
2507,process,null,1620974999.215,Process_Create,4070,process,null
2508,process,null,1620974999.215,Process_Create,4071,process,null
2509,process,null,1620974999.219,Process_Create,4072,process,null
2510,process,null,1620887099.944,Process_Create,4074,process,null
2511,process,null,1620887099.96,Process_Create,4075,process,null
2512,process,null,1620887099.964,Process_Create,4076,process,null
2513,process,null,1620887100.252,Process_Create,4079,process,null
2514,process,null,1620887100.26,Process_Create,4080,process,null
2515,process,null,1620887100.268,Process_Create,4081,process,null
2516,process,null,1620887100.276,Process_Create,4082,process,null
2517,process,null,1620887100.28,Process_Create,4083,process,null
2518,process,null,1620887100.288,Process_Create,4084,process,null
2519,process,null,1620887100.296,Process_Create,4085,process,null
2520,process,null,1620887104.1,Process_Create,4088,process,null
2521,process,null,1620887104.108,Process_Create,4089,process,null
2522,process,null,1620887104.112,Process_Create,4090,process,null
2523,process,null,1620887104.12,Process_Create,4091,process,null
2524,process,null,1620887104.124,Process_Create,4092,process,null
2525,process,null,1620887104.132,Process_Create,4093,process,null
2526,process,null,1620887104.14,Process_Create,4094,process,null
2527,process,null,1621059901.115,Process_Create,4096,process,null
2528,process,null,1621059901.123,Process_Create,4097,process,null
2529,process,null,1621059901.599,Process_Create,4101,process,null
2530,process,null,1621059901.607,Process_Create,4102,process,null
2531,process,null,1621059901.615,Process_Create,4103,process,null
2532,process,null,1621059901.623,Process_Create,4104,process,null
2533,process,null,1621059901.631,Process_Create,4105,process,null
2534,process,null,1621059901.639,Process_Create,4106,process,null
2535,process,null,1621059901.647,Process_Create,4107,process,null
2536,process,null,1621060371.674,Process_Create,4108,process,null
2537,process,null,1621060371.678,Process_Create,4109,process,null
2538,process,null,1621060371.682,Process_Create,4110,process,null
2539,process,null,1621060371.686,Process_Create,4111,process,null
2540,process,null,1621060371.69,Process_Create,4112,process,null
2541,process,null,1621060371.694,Process_Create,4114,process,null
2542,process,null,1621060371.698,Process_Create,4115,process,null
2543,process,null,1621060371.702,Process_Create,4116,process,null
2544,process,null,1621060371.71,Process_Create,4117,process,null
2545,process,null,1621217228.09,Process_Create,4119,process,null
2546,process,null,1621217228.186,Process_Create,4120,process,null
2547,process,null,1621217228.194,Process_Create,4121,process,null
2548,process,null,1621217228.582,Process_Create,4124,process,null
2549,process,null,1621217228.594,Process_Create,4125,process,null
2550,process,null,1621217228.598,Process_Create,4126,process,null
2551,process,null,1621217228.606,Process_Create,4127,process,null
2552,process,null,1621217228.614,Process_Create,4128,process,null
2553,process,null,1621217228.618,Process_Create,4129,process,null
2554,process,null,1621217228.626,Process_Create,4130,process,null
2555,process,null,1621060380.202,Process_Create,4141,process,null
2556,process,null,1621060380.206,Process_Create,4142,process,null
2557,process,null,1621060380.206,Process_Create,4144,process,null
2558,process,null,1621060380.21,Process_Create,4145,process,null
2559,process,null,1621060380.214,Process_Create,4146,process,null
2560,process,null,1621060380.218,Process_Create,4147,process,null
2561,process,null,1621060380.222,Process_Create,4148,process,null
2562,process,null,1621231568.981,Process_Create,4150,process,null
2563,process,null,1621231569.061,Process_Create,4151,process,null
2564,process,null,1621231569.069,Process_Create,4152,process,null
2565,process,null,1621231569.349,Process_Create,4155,process,null
2566,process,null,1621231569.357,Process_Create,4156,process,null
2567,process,null,1621231569.365,Process_Create,4157,process,null
2568,process,null,1621231569.369,Process_Create,4158,process,null
2569,process,null,1621231569.377,Process_Create,4159,process,null
2570,process,null,1621231569.385,Process_Create,4160,process,null
2571,process,null,1621231569.389,Process_Create,4161,process,null
2572,process,null,1621231573.349,Process_Create,4164,process,null
2573,process,null,1621231573.357,Process_Create,4165,process,null
2574,process,null,1621231573.365,Process_Create,4166,process,null
2575,process,null,1621231573.373,Process_Create,4167,process,null
2576,process,null,1621231573.377,Process_Create,4168,process,null
2577,process,null,1621231573.385,Process_Create,4169,process,null
2578,process,null,1621231573.389,Process_Create,4170,process,null
2579,process,null,1621146301.929,Process_Create,4172,process,null
2580,process,null,1621146301.937,Process_Create,4173,process,null
2581,process,null,1621146302.329,Process_Create,4177,process,null
2582,process,null,1621146302.333,Process_Create,4178,process,null
2583,process,null,1621146302.337,Process_Create,4179,process,null
2584,process,null,1621146302.341,Process_Create,4180,process,null
2585,process,null,1621146302.345,Process_Create,4181,process,null
2586,process,null,1621146302.349,Process_Create,4182,process,null
2587,process,null,1621146302.353,Process_Create,4183,process,null
2588,process,null,1621147914.38,Process_Create,4184,process,null
2589,process,null,1621147914.384,Process_Create,4185,process,null
2590,process,null,1621147914.388,Process_Create,4186,process,null
2591,process,null,1621147914.392,Process_Create,4187,process,null
2592,process,null,1621147914.396,Process_Create,4188,process,null
2593,process,null,1621147914.4,Process_Create,4189,process,null
2594,process,null,1621147914.404,Process_Create,4190,process,null
2595,process,null,1621147914.408,Process_Create,4191,process,null
2596,process,null,1621147914.412,Process_Create,4192,process,null
2597,process,null,1621261743.159,Process_Create,4194,process,null
2598,process,null,1621261743.223,Process_Create,4195,process,null
2599,process,null,1621261743.235,Process_Create,4196,process,null
2600,process,null,1621261743.663,Process_Create,4199,process,null
2601,process,null,1621261743.679,Process_Create,4200,process,null
2602,process,null,1621261743.687,Process_Create,4201,process,null
2603,process,null,1621261743.699,Process_Create,4202,process,null
2604,process,null,1621261743.707,Process_Create,4203,process,null
2605,process,null,1621261743.719,Process_Create,4204,process,null
2606,process,null,1621261743.727,Process_Create,4205,process,null
2607,process,null,1620896247.707,Process_Create,4208,process,null
2608,process,null,1620896247.727,Process_Create,4209,process,null
2609,process,null,1620896247.731,Process_Create,4210,process,null
2610,process,null,1620896248.067,Process_Create,4213,process,null
2611,process,null,1620896248.075,Process_Create,4214,process,null
2612,process,null,1620896248.083,Process_Create,4215,process,null
2613,process,null,1620896248.091,Process_Create,4216,process,null
2614,process,null,1620896248.095,Process_Create,4217,process,null
2615,process,null,1620896248.107,Process_Create,4218,process,null
2616,process,null,1620896248.115,Process_Create,4219,process,null
2617,process,null,1621147924.1,Process_Create,4228,process,null
2618,process,null,1621147924.104,Process_Create,4229,process,null
2619,process,null,1621147924.108,Process_Create,4230,process,null
2620,process,null,1621147924.112,Process_Create,4231,process,null
2621,process,null,1621147924.116,Process_Create,4232,process,null
2622,process,null,1621147924.12,Process_Create,4233,process,null
2623,process,null,1621147924.124,Process_Create,4234,process,null
2624,process,null,1621232701.952,Process_Create,4236,process,null
2625,process,null,1621232701.96,Process_Create,4237,process,null
2626,process,null,1621232702.452,Process_Create,4241,process,null
2627,process,null,1621232702.456,Process_Create,4242,process,null
2628,process,null,1621232702.46,Process_Create,4243,process,null
2629,process,null,1621232702.464,Process_Create,4244,process,null
2630,process,null,1621232702.464,Process_Create,4245,process,null
2631,process,null,1621232702.472,Process_Create,4246,process,null
2632,process,null,1621232702.476,Process_Create,4247,process,null
2633,process,null,1621233258.496,Process_Create,4248,process,null
2634,process,null,1621233258.5,Process_Create,4249,process,null
2635,process,null,1621233258.504,Process_Create,4250,process,null
2636,process,null,1621233258.508,Process_Create,4251,process,null
2637,process,null,1621233258.512,Process_Create,4252,process,null
2638,process,null,1621233258.516,Process_Create,4253,process,null
2639,process,null,1621233258.52,Process_Create,4254,process,null
2640,process,null,1621233258.524,Process_Create,4255,process,null
2641,process,null,1621233258.528,Process_Create,4256,process,null
2642,process,null,1621233268.872,Process_Create,4263,process,null
2643,process,null,1621233268.876,Process_Create,4264,process,null
2644,process,null,1621233268.88,Process_Create,4265,process,null
2645,process,null,1621233268.884,Process_Create,4266,process,null
2646,process,null,1621233268.888,Process_Create,4267,process,null
2647,process,null,1621233268.892,Process_Create,4268,process,null
2648,process,null,1621233268.896,Process_Create,4269,process,null
2649,process,null,1620859690.261,Process_Create,4271,process,null
2650,process,null,1620859690.401,Process_Create,8596,process,null
2650,process,null,1620859690.401,Process_Create,11441,process,null
2650,process,null,1620859690.401,Process_Create,2332,process,null
2650,process,null,1620859690.401,Process_Create,3022,process,null
2650,process,null,1620859690.401,Process_Create,4272,process,null
2651,process,null,1620859690.409,Process_Create,2863,process,null
2651,process,null,1620859690.409,Process_Create,4273,process,null
2652,process,null,1620859690.997,Process_Create,4276,process,null
2653,process,null,1620859691.005,Process_Create,4277,process,null
2654,process,null,1620859691.009,Process_Create,4278,process,null
2655,process,null,1620859691.017,Process_Create,4279,process,null
2656,process,null,1620859691.025,Process_Create,4280,process,null
2657,process,null,1620859691.029,Process_Create,2274,process,null
2657,process,null,1620859691.029,Process_Create,2300,process,null
2657,process,null,1620859691.029,Process_Create,2301,process,null
2657,process,null,1620859691.029,Process_Create,2254,process,null
2657,process,null,1620859691.029,Process_Create,2285,process,null
2657,process,null,1620859691.029,Process_Create,2302,process,null
2657,process,null,1620859691.029,Process_Create,2279,process,null
2657,process,null,1620859691.029,Process_Create,2252,process,null
2657,process,null,1620859691.029,Process_Create,2272,process,null
2657,process,null,1620859691.029,Process_Create,2278,process,null
2657,process,null,1620859691.029,Process_Create,2243,process,null
2657,process,null,1620859691.029,Process_Create,2235,process,null
2657,process,null,1620859691.029,Process_Create,2247,process,null
2657,process,null,1620859691.029,Process_Create,2305,process,null
2657,process,null,1620859691.029,Process_Create,2293,process,null
2657,process,null,1620859691.029,Process_Create,2233,process,null
2657,process,null,1620859691.029,Process_Create,2319,process,null
2657,process,null,1620859691.029,Process_Create,2238,process,null
2657,process,null,1620859691.029,Process_Create,2281,process,null
2657,process,null,1620859691.029,Process_Create,2273,process,null
2657,process,null,1620859691.029,Process_Create,2250,process,null
2657,process,null,1620859691.029,Process_Create,8599,process,null
2657,process,null,1620859691.029,Process_Create,2248,process,null
2657,process,null,1620859691.029,Process_Create,2240,process,null
2657,process,null,1620859691.029,Process_Create,2313,process,null
2657,process,null,1620859691.029,Process_Create,2256,process,null
2657,process,null,1620859691.029,Process_Create,2277,process,null
2657,process,null,1620859691.029,Process_Create,3023,process,null
2657,process,null,1620859691.029,Process_Create,2295,process,null
2657,process,null,1620859691.029,Process_Create,2317,process,null
2657,process,null,1620859691.029,Process_Create,2269,process,null
2657,process,null,1620859691.029,Process_Create,2280,process,null
2657,process,null,1620859691.029,Process_Create,2296,process,null
2657,process,null,1620859691.029,Process_Create,2259,process,null
2657,process,null,1620859691.029,Process_Create,2283,process,null
2657,process,null,1620859691.029,Process_Create,2258,process,null
2657,process,null,1620859691.029,Process_Create,2299,process,null
2657,process,null,1620859691.029,Process_Create,2261,process,null
2657,process,null,1620859691.029,Process_Create,2291,process,null
2657,process,null,1620859691.029,Process_Create,2307,process,null
2657,process,null,1620859691.029,Process_Create,2310,process,null
2657,process,null,1620859691.029,Process_Create,2241,process,null
2657,process,null,1620859691.029,Process_Create,2249,process,null
2657,process,null,1620859691.029,Process_Create,2263,process,null
2657,process,null,1620859691.029,Process_Create,2266,process,null
2657,process,null,1620859691.029,Process_Create,4281,process,null
2657,process,null,1620859691.029,Process_Create,2227,process,null
2657,process,null,1620859691.029,Process_Create,2228,process,null
2657,process,null,1620859691.029,Process_Create,2229,process,null
2657,process,null,1620859691.029,Process_Create,2230,process,null
2657,process,null,1620859691.029,Process_Create,2231,process,null
2657,process,null,1620859691.029,Process_Create,2232,process,null
2657,process,null,1620859691.029,Process_Create,2239,process,null
2657,process,null,1620859691.029,Process_Create,2244,process,null
2657,process,null,1620859691.029,Process_Create,2282,process,null
2657,process,null,1620859691.029,Process_Create,2251,process,null
2657,process,null,1620859691.029,Process_Create,2294,process,null
2657,process,null,1620859691.029,Process_Create,2288,process,null
2657,process,null,1620859691.029,Process_Create,2246,process,null
2657,process,null,1620859691.029,Process_Create,2253,process,null
2657,process,null,1620859691.029,Process_Create,2316,process,null
2657,process,null,1620859691.029,Process_Create,2286,process,null
2657,process,null,1620859691.029,Process_Create,2268,process,null
2657,process,null,1620859691.029,Process_Create,2264,process,null
2657,process,null,1620859691.029,Process_Create,2289,process,null
2657,process,null,1620859691.029,Process_Create,2284,process,null
2657,process,null,1620859691.029,Process_Create,2306,process,null
2657,process,null,1620859691.029,Process_Create,2242,process,null
2657,process,null,1620859691.029,Process_Create,2311,process,null
2657,process,null,1620859691.029,Process_Create,2270,process,null
2657,process,null,1620859691.029,Process_Create,2267,process,null
2657,process,null,1620859691.029,Process_Create,2312,process,null
2657,process,null,1620859691.029,Process_Create,2237,process,null
2657,process,null,1620859691.029,Process_Create,2245,process,null
2657,process,null,1620859691.029,Process_Create,2318,process,null
2657,process,null,1620859691.029,Process_Create,2255,process,null
2657,process,null,1620859691.029,Process_Create,2271,process,null
2657,process,null,1620859691.029,Process_Create,2308,process,null
2657,process,null,1620859691.029,Process_Create,2315,process,null
2657,process,null,1620859691.029,Process_Create,2309,process,null
2657,process,null,1620859691.029,Process_Create,2290,process,null
2657,process,null,1620859691.029,Process_Create,2262,process,null
2657,process,null,1620859691.029,Process_Create,2257,process,null
2657,process,null,1620859691.029,Process_Create,2298,process,null
2657,process,null,1620859691.029,Process_Create,2236,process,null
2657,process,null,1620859691.029,Process_Create,2234,process,null
2657,process,null,1620859691.029,Process_Create,2275,process,null
2657,process,null,1620859691.029,Process_Create,2287,process,null
2657,process,null,1620859691.029,Process_Create,2304,process,null
2657,process,null,1620859691.029,Process_Create,2314,process,null
2657,process,null,1620859691.029,Process_Create,2260,process,null
2657,process,null,1620859691.029,Process_Create,2297,process,null
2657,process,null,1620859691.029,Process_Create,2303,process,null
2657,process,null,1620859691.029,Process_Create,2276,process,null
2657,process,null,1620859691.029,Process_Create,2292,process,null
2657,process,null,1620859691.029,Process_Create,2265,process,null
2658,process,null,1620859691.037,Process_Create,2864,process,null
2658,process,null,1620859691.037,Process_Create,4282,process,null
2659,process,null,1620859695.273,Process_Create,4285,process,null
2660,process,null,1620859695.281,Process_Create,4286,process,null
2661,process,null,1620859695.289,Process_Create,4287,process,null
2662,process,null,1620859695.293,Process_Create,4288,process,null
2663,process,null,1620859695.301,Process_Create,4289,process,null
2664,process,null,1620859695.309,Process_Create,4290,process,null
2665,process,null,1620859695.313,Process_Create,4291,process,null
2666,process,null,1620951926.965,Process_Create,4293,process,null
2667,process,null,1620951926.985,Process_Create,4294,process,null
2668,process,null,1620951926.993,Process_Create,4295,process,null
2669,process,null,1620951927.365,Process_Create,4298,process,null
2670,process,null,1620951927.377,Process_Create,4299,process,null
2671,process,null,1620951927.385,Process_Create,4300,process,null
2672,process,null,1620951927.397,Process_Create,4301,process,null
2673,process,null,1620951927.405,Process_Create,4302,process,null
2674,process,null,1620951927.417,Process_Create,4303,process,null
2675,process,null,1620951927.421,Process_Create,4304,process,null
2676,process,null,1620974684.724,Process_Create,4311,process,null
2677,process,null,1620974684.736,Process_Create,4312,process,null
2678,process,null,1620974684.744,Process_Create,4313,process,null
2679,process,null,1620974685.016,Process_Create,4316,process,null
2680,process,null,1620974685.024,Process_Create,4317,process,null
2681,process,null,1620974685.032,Process_Create,4318,process,null
2682,process,null,1620974685.036,Process_Create,4319,process,null
2683,process,null,1620974685.044,Process_Create,4320,process,null
2684,process,null,1620974685.048,Process_Create,4321,process,null
2685,process,null,1620974685.056,Process_Create,4322,process,null
2686,process,null,1620974688.752,Process_Create,4325,process,null
2687,process,null,1620974688.76,Process_Create,4326,process,null
2688,process,null,1620974688.768,Process_Create,4327,process,null
2689,process,null,1620974688.772,Process_Create,4328,process,null
2690,process,null,1620974688.78,Process_Create,4329,process,null
2691,process,null,1620974688.784,Process_Create,4330,process,null
2692,process,null,1620974688.792,Process_Create,4331,process,null
2693,process,null,1620991755.82,Process_Create,4334,process,null
2694,process,null,1620991755.896,Process_Create,4335,process,null
2695,process,null,1620991755.904,Process_Create,4336,process,null
2696,process,null,1620991756.228,Process_Create,4339,process,null
2697,process,null,1620991756.236,Process_Create,4340,process,null
2698,process,null,1620991756.244,Process_Create,4341,process,null
2699,process,null,1620991756.252,Process_Create,4342,process,null
2700,process,null,1620991756.256,Process_Create,4343,process,null
2701,process,null,1620991756.264,Process_Create,4344,process,null
2702,process,null,1620991756.272,Process_Create,4345,process,null
2703,process,null,1621045726.536,Process_Create,3900,process,null
2703,process,null,1621045726.536,Process_Create,3901,process,null
2704,process,null,1621045727.032,Process_Create,6699,process,null
2704,process,null,1621045727.032,Process_Create,6690,process,null
2704,process,null,1621045727.032,Process_Create,3910,process,null
2704,process,null,1621045727.032,Process_Create,6697,process,null
2704,process,null,1621045727.032,Process_Create,6700,process,null
2704,process,null,1621045727.032,Process_Create,6698,process,null
2704,process,null,1621045727.032,Process_Create,6691,process,null
2704,process,null,1621045727.032,Process_Create,6692,process,null
2704,process,null,1621045727.032,Process_Create,3909,process,null
2704,process,null,1621045727.032,Process_Create,6693,process,null
2704,process,null,1621045727.032,Process_Create,6695,process,null
2704,process,null,1621045727.032,Process_Create,6696,process,null
2704,process,null,1621045727.032,Process_Create,3911,process,null
2704,process,null,1621045727.032,Process_Create,6694,process,null
2705,process,null,1621060498.465,Process_Create,3918,process,null
2705,process,null,1621060498.465,Process_Create,3919,process,null
2706,process,null,1621060569.714,Process_Create,3940,process,null
2706,process,null,1621060569.714,Process_Create,3939,process,null
2707,process,null,1620887103.883,Process_Create,3953,process,null
2707,process,null,1620887103.883,Process_Create,3954,process,null
2707,process,null,1620887103.883,Process_Create,3952,process,null
2708,process,null,1620887647.77,Process_Create,6792,process,null
2708,process,null,1620887647.77,Process_Create,6807,process,null
2708,process,null,1620887647.77,Process_Create,6859,process,null
2708,process,null,1620887647.77,Process_Create,6819,process,null
2708,process,null,1620887647.77,Process_Create,6771,process,null
2708,process,null,1620887647.77,Process_Create,6837,process,null
2708,process,null,1620887647.77,Process_Create,3971,process,null
2708,process,null,1620887647.77,Process_Create,6804,process,null
2708,process,null,1620887647.77,Process_Create,6774,process,null
2708,process,null,1620887647.77,Process_Create,6802,process,null
2708,process,null,1620887647.77,Process_Create,6831,process,null
2708,process,null,1620887647.77,Process_Create,6871,process,null
2708,process,null,1620887647.77,Process_Create,6861,process,null
2708,process,null,1620887647.77,Process_Create,6826,process,null
2708,process,null,1620887647.77,Process_Create,6842,process,null
2708,process,null,1620887647.77,Process_Create,6776,process,null
2708,process,null,1620887647.77,Process_Create,6780,process,null
2708,process,null,1620887647.77,Process_Create,6838,process,null
2708,process,null,1620887647.77,Process_Create,6793,process,null
2708,process,null,1620887647.77,Process_Create,6773,process,null
2708,process,null,1620887647.77,Process_Create,6855,process,null
2708,process,null,1620887647.77,Process_Create,6862,process,null
2708,process,null,1620887647.77,Process_Create,6806,process,null
2708,process,null,1620887647.77,Process_Create,6772,process,null
2708,process,null,1620887647.77,Process_Create,6834,process,null
2708,process,null,1620887647.77,Process_Create,6864,process,null
2708,process,null,1620887647.77,Process_Create,6781,process,null
2708,process,null,1620887647.77,Process_Create,6794,process,null
2708,process,null,1620887647.77,Process_Create,6784,process,null
2708,process,null,1620887647.77,Process_Create,6863,process,null
2708,process,null,1620887647.77,Process_Create,6836,process,null
2708,process,null,1620887647.77,Process_Create,6801,process,null
2708,process,null,1620887647.77,Process_Create,6850,process,null
2708,process,null,1620887647.77,Process_Create,6848,process,null
2708,process,null,1620887647.77,Process_Create,6783,process,null
2708,process,null,1620887647.77,Process_Create,6796,process,null
2708,process,null,1620887647.77,Process_Create,6703,process,null
2708,process,null,1620887647.77,Process_Create,6857,process,null
2708,process,null,1620887647.77,Process_Create,6849,process,null
2708,process,null,1620887647.77,Process_Create,6860,process,null
2708,process,null,1620887647.77,Process_Create,6795,process,null
2708,process,null,1620887647.77,Process_Create,6775,process,null
2708,process,null,1620887647.77,Process_Create,6866,process,null
2708,process,null,1620887647.77,Process_Create,6824,process,null
2708,process,null,1620887647.77,Process_Create,6704,process,null
2708,process,null,1620887647.77,Process_Create,6868,process,null
2708,process,null,1620887647.77,Process_Create,6778,process,null
2708,process,null,1620887647.77,Process_Create,6854,process,null
2708,process,null,1620887647.77,Process_Create,6791,process,null
2708,process,null,1620887647.77,Process_Create,6856,process,null
2708,process,null,1620887647.77,Process_Create,6822,process,null
2708,process,null,1620887647.77,Process_Create,6817,process,null
2708,process,null,1620887647.77,Process_Create,6702,process,null
2708,process,null,1620887647.77,Process_Create,3973,process,null
2708,process,null,1620887647.77,Process_Create,6818,process,null
2708,process,null,1620887647.77,Process_Create,6701,process,null
2708,process,null,1620887647.77,Process_Create,6853,process,null
2708,process,null,1620887647.77,Process_Create,6797,process,null
2708,process,null,1620887647.77,Process_Create,6870,process,null
2708,process,null,1620887647.77,Process_Create,6789,process,null
2708,process,null,1620887647.77,Process_Create,6785,process,null
2708,process,null,1620887647.77,Process_Create,6788,process,null
2708,process,null,1620887647.77,Process_Create,6808,process,null
2708,process,null,1620887647.77,Process_Create,6805,process,null
2708,process,null,1620887647.77,Process_Create,6769,process,null
2708,process,null,1620887647.77,Process_Create,6816,process,null
2708,process,null,1620887647.77,Process_Create,6844,process,null
2708,process,null,1620887647.77,Process_Create,6858,process,null
2708,process,null,1620887647.77,Process_Create,6809,process,null
2708,process,null,1620887647.77,Process_Create,6782,process,null
2708,process,null,1620887647.77,Process_Create,6852,process,null
2708,process,null,1620887647.77,Process_Create,6846,process,null
2708,process,null,1620887647.77,Process_Create,6865,process,null
2708,process,null,1620887647.77,Process_Create,6798,process,null
2708,process,null,1620887647.77,Process_Create,6828,process,null
2708,process,null,1620887647.77,Process_Create,6841,process,null
2708,process,null,1620887647.77,Process_Create,6833,process,null
2708,process,null,1620887647.77,Process_Create,6790,process,null
2708,process,null,1620887647.77,Process_Create,6847,process,null
2708,process,null,1620887647.77,Process_Create,3972,process,null
2708,process,null,1620887647.77,Process_Create,6799,process,null
2708,process,null,1620887647.77,Process_Create,6823,process,null
2708,process,null,1620887647.77,Process_Create,6813,process,null
2708,process,null,1620887647.77,Process_Create,6830,process,null
2708,process,null,1620887647.77,Process_Create,6843,process,null
2708,process,null,1620887647.77,Process_Create,6867,process,null
2708,process,null,1620887647.77,Process_Create,6800,process,null
2708,process,null,1620887647.77,Process_Create,6821,process,null
2708,process,null,1620887647.77,Process_Create,6777,process,null
2708,process,null,1620887647.77,Process_Create,6840,process,null
2708,process,null,1620887647.77,Process_Create,6820,process,null
2708,process,null,1620887647.77,Process_Create,6768,process,null
2708,process,null,1620887647.77,Process_Create,6835,process,null
2708,process,null,1620887647.77,Process_Create,6839,process,null
2708,process,null,1620887647.77,Process_Create,6787,process,null
2708,process,null,1620887647.77,Process_Create,6825,process,null
2708,process,null,1620887647.77,Process_Create,6832,process,null
2708,process,null,1620887647.77,Process_Create,6827,process,null
2708,process,null,1620887647.77,Process_Create,6869,process,null
2708,process,null,1620887647.77,Process_Create,6810,process,null
2708,process,null,1620887647.77,Process_Create,6845,process,null
2708,process,null,1620887647.77,Process_Create,6829,process,null
2708,process,null,1620887647.77,Process_Create,6779,process,null
2708,process,null,1620887647.77,Process_Create,6811,process,null
2708,process,null,1620887647.77,Process_Create,6812,process,null
2708,process,null,1620887647.77,Process_Create,6814,process,null
2708,process,null,1620887647.77,Process_Create,6815,process,null
2708,process,null,1620887647.77,Process_Create,6803,process,null
2708,process,null,1620887647.77,Process_Create,6770,process,null
2708,process,null,1620887647.77,Process_Create,6851,process,null
2708,process,null,1620887647.77,Process_Create,6786,process,null
2709,process,null,1621112133.379,Process_Create,3978,process,null
2709,process,null,1621112133.379,Process_Create,3977,process,null
2710,process,null,1620973501.218,Process_Create,4000,process,null
2710,process,null,1620973501.218,Process_Create,4001,process,null
2710,process,null,1620973501.218,Process_Create,3999,process,null
2711,process,null,1620974990.763,Process_Create,6888,process,null
2711,process,null,1620974990.763,Process_Create,6959,process,null
2711,process,null,1620974990.763,Process_Create,6923,process,null
2711,process,null,1620974990.763,Process_Create,6936,process,null
2711,process,null,1620974990.763,Process_Create,4061,process,null
2711,process,null,1620974990.763,Process_Create,6922,process,null
2711,process,null,1620974990.763,Process_Create,6955,process,null
2711,process,null,1620974990.763,Process_Create,6891,process,null
2711,process,null,1620974990.763,Process_Create,6972,process,null
2711,process,null,1620974990.763,Process_Create,6926,process,null
2711,process,null,1620974990.763,Process_Create,6956,process,null
2711,process,null,1620974990.763,Process_Create,6941,process,null
2711,process,null,1620974990.763,Process_Create,6929,process,null
2711,process,null,1620974990.763,Process_Create,6969,process,null
2711,process,null,1620974990.763,Process_Create,6925,process,null
2711,process,null,1620974990.763,Process_Create,6966,process,null
2711,process,null,1620974990.763,Process_Create,6937,process,null
2711,process,null,1620974990.763,Process_Create,6967,process,null
2711,process,null,1620974990.763,Process_Create,6872,process,null
2711,process,null,1620974990.763,Process_Create,6974,process,null
2711,process,null,1620974990.763,Process_Create,6953,process,null
2711,process,null,1620974990.763,Process_Create,6958,process,null
2711,process,null,1620974990.763,Process_Create,6951,process,null
2711,process,null,1620974990.763,Process_Create,6900,process,null
2711,process,null,1620974990.763,Process_Create,6942,process,null
2711,process,null,1620974990.763,Process_Create,6889,process,null
2711,process,null,1620974990.763,Process_Create,6902,process,null
2711,process,null,1620974990.763,Process_Create,6961,process,null
2711,process,null,1620974990.763,Process_Create,6873,process,null
2711,process,null,1620974990.763,Process_Create,6880,process,null
2711,process,null,1620974990.763,Process_Create,6887,process,null
2711,process,null,1620974990.763,Process_Create,6909,process,null
2711,process,null,1620974990.763,Process_Create,6708,process,null
2711,process,null,1620974990.763,Process_Create,6963,process,null
2711,process,null,1620974990.763,Process_Create,6893,process,null
2711,process,null,1620974990.763,Process_Create,6896,process,null
2711,process,null,1620974990.763,Process_Create,6884,process,null
2711,process,null,1620974990.763,Process_Create,6939,process,null
2711,process,null,1620974990.763,Process_Create,6952,process,null
2711,process,null,1620974990.763,Process_Create,6897,process,null
2711,process,null,1620974990.763,Process_Create,6949,process,null
2711,process,null,1620974990.763,Process_Create,6957,process,null
2711,process,null,1620974990.763,Process_Create,6928,process,null
2711,process,null,1620974990.763,Process_Create,6915,process,null
2711,process,null,1620974990.763,Process_Create,6882,process,null
2711,process,null,1620974990.763,Process_Create,6912,process,null
2711,process,null,1620974990.763,Process_Create,6932,process,null
2711,process,null,1620974990.763,Process_Create,4062,process,null
2711,process,null,1620974990.763,Process_Create,6933,process,null
2711,process,null,1620974990.763,Process_Create,6879,process,null
2711,process,null,1620974990.763,Process_Create,6918,process,null
2711,process,null,1620974990.763,Process_Create,6947,process,null
2711,process,null,1620974990.763,Process_Create,6920,process,null
2711,process,null,1620974990.763,Process_Create,6945,process,null
2711,process,null,1620974990.763,Process_Create,6907,process,null
2711,process,null,1620974990.763,Process_Create,6899,process,null
2711,process,null,1620974990.763,Process_Create,6948,process,null
2711,process,null,1620974990.763,Process_Create,6962,process,null
2711,process,null,1620974990.763,Process_Create,6934,process,null
2711,process,null,1620974990.763,Process_Create,6940,process,null
2711,process,null,1620974990.763,Process_Create,6917,process,null
2711,process,null,1620974990.763,Process_Create,6943,process,null
2711,process,null,1620974990.763,Process_Create,6904,process,null
2711,process,null,1620974990.763,Process_Create,6878,process,null
2711,process,null,1620974990.763,Process_Create,6971,process,null
2711,process,null,1620974990.763,Process_Create,6705,process,null
2711,process,null,1620974990.763,Process_Create,6905,process,null
2711,process,null,1620974990.763,Process_Create,6946,process,null
2711,process,null,1620974990.763,Process_Create,6706,process,null
2711,process,null,1620974990.763,Process_Create,6903,process,null
2711,process,null,1620974990.763,Process_Create,6954,process,null
2711,process,null,1620974990.763,Process_Create,6886,process,null
2711,process,null,1620974990.763,Process_Create,6892,process,null
2711,process,null,1620974990.763,Process_Create,6965,process,null
2711,process,null,1620974990.763,Process_Create,6919,process,null
2711,process,null,1620974990.763,Process_Create,6890,process,null
2711,process,null,1620974990.763,Process_Create,6938,process,null
2711,process,null,1620974990.763,Process_Create,6901,process,null
2711,process,null,1620974990.763,Process_Create,6877,process,null
2711,process,null,1620974990.763,Process_Create,6921,process,null
2711,process,null,1620974990.763,Process_Create,6874,process,null
2711,process,null,1620974990.763,Process_Create,6964,process,null
2711,process,null,1620974990.763,Process_Create,6876,process,null
2711,process,null,1620974990.763,Process_Create,6975,process,null
2711,process,null,1620974990.763,Process_Create,6970,process,null
2711,process,null,1620974990.763,Process_Create,6914,process,null
2711,process,null,1620974990.763,Process_Create,6950,process,null
2711,process,null,1620974990.763,Process_Create,6895,process,null
2711,process,null,1620974990.763,Process_Create,6910,process,null
2711,process,null,1620974990.763,Process_Create,6960,process,null
2711,process,null,1620974990.763,Process_Create,6924,process,null
2711,process,null,1620974990.763,Process_Create,6935,process,null
2711,process,null,1620974990.763,Process_Create,6883,process,null
2711,process,null,1620974990.763,Process_Create,6881,process,null
2711,process,null,1620974990.763,Process_Create,6894,process,null
2711,process,null,1620974990.763,Process_Create,6973,process,null
2711,process,null,1620974990.763,Process_Create,6930,process,null
2711,process,null,1620974990.763,Process_Create,6931,process,null
2711,process,null,1620974990.763,Process_Create,6927,process,null
2711,process,null,1620974990.763,Process_Create,6875,process,null
2711,process,null,1620974990.763,Process_Create,6898,process,null
2711,process,null,1620974990.763,Process_Create,4019,process,null
2711,process,null,1620974990.763,Process_Create,6916,process,null
2711,process,null,1620974990.763,Process_Create,6944,process,null
2711,process,null,1620974990.763,Process_Create,6707,process,null
2711,process,null,1620974990.763,Process_Create,6885,process,null
2711,process,null,1620974990.763,Process_Create,6911,process,null
2711,process,null,1620974990.763,Process_Create,6968,process,null
2711,process,null,1620974990.763,Process_Create,6913,process,null
2711,process,null,1620974990.763,Process_Create,6906,process,null
2711,process,null,1620974990.763,Process_Create,6908,process,null
2712,process,null,1621146950.399,Process_Create,4024,process,null
2712,process,null,1621146950.399,Process_Create,4023,process,null
2713,process,null,1621159636.728,Process_Create,4048,process,null
2713,process,null,1621159636.728,Process_Create,4047,process,null
2714,process,null,1621159637.056,Process_Create,6713,process,null
2714,process,null,1621159637.056,Process_Create,4056,process,null
2714,process,null,1621159637.056,Process_Create,6709,process,null
2714,process,null,1621159637.056,Process_Create,6714,process,null
2714,process,null,1621159637.056,Process_Create,6718,process,null
2714,process,null,1621159637.056,Process_Create,6719,process,null
2714,process,null,1621159637.056,Process_Create,6715,process,null
2714,process,null,1621159637.056,Process_Create,6710,process,null
2714,process,null,1621159637.056,Process_Create,4058,process,null
2714,process,null,1621159637.056,Process_Create,6716,process,null
2714,process,null,1621159637.056,Process_Create,6712,process,null
2714,process,null,1621159637.056,Process_Create,6711,process,null
2714,process,null,1621159637.056,Process_Create,6717,process,null
2714,process,null,1621159637.056,Process_Create,4057,process,null
2715,process,null,1620887099.976,Process_Create,4078,process,null
2715,process,null,1620887099.976,Process_Create,4077,process,null
2716,process,null,1621059901.131,Process_Create,4100,process,null
2716,process,null,1621059901.131,Process_Create,4099,process,null
2716,process,null,1621059901.131,Process_Create,4098,process,null
2717,process,null,1621060371.714,Process_Create,7061,process,null
2717,process,null,1621060371.714,Process_Create,7048,process,null
2717,process,null,1621060371.714,Process_Create,7023,process,null
2717,process,null,1621060371.714,Process_Create,7038,process,null
2717,process,null,1621060371.714,Process_Create,7032,process,null
2717,process,null,1621060371.714,Process_Create,6722,process,null
2717,process,null,1621060371.714,Process_Create,6978,process,null
2717,process,null,1621060371.714,Process_Create,7067,process,null
2717,process,null,1621060371.714,Process_Create,7018,process,null
2717,process,null,1621060371.714,Process_Create,6989,process,null
2717,process,null,1621060371.714,Process_Create,6721,process,null
2717,process,null,1621060371.714,Process_Create,6996,process,null
2717,process,null,1621060371.714,Process_Create,6983,process,null
2717,process,null,1621060371.714,Process_Create,7041,process,null
2717,process,null,1621060371.714,Process_Create,7009,process,null
2717,process,null,1621060371.714,Process_Create,7071,process,null
2717,process,null,1621060371.714,Process_Create,7010,process,null
2717,process,null,1621060371.714,Process_Create,7054,process,null
2717,process,null,1621060371.714,Process_Create,7060,process,null
2717,process,null,1621060371.714,Process_Create,4118,process,null
2717,process,null,1621060371.714,Process_Create,7001,process,null
2717,process,null,1621060371.714,Process_Create,7072,process,null
2717,process,null,1621060371.714,Process_Create,7063,process,null
2717,process,null,1621060371.714,Process_Create,7005,process,null
2717,process,null,1621060371.714,Process_Create,6994,process,null
2717,process,null,1621060371.714,Process_Create,7021,process,null
2717,process,null,1621060371.714,Process_Create,6982,process,null
2717,process,null,1621060371.714,Process_Create,7050,process,null
2717,process,null,1621060371.714,Process_Create,7013,process,null
2717,process,null,1621060371.714,Process_Create,6986,process,null
2717,process,null,1621060371.714,Process_Create,7029,process,null
2717,process,null,1621060371.714,Process_Create,7017,process,null
2717,process,null,1621060371.714,Process_Create,6985,process,null
2717,process,null,1621060371.714,Process_Create,7039,process,null
2717,process,null,1621060371.714,Process_Create,6999,process,null
2717,process,null,1621060371.714,Process_Create,4137,process,null
2717,process,null,1621060371.714,Process_Create,7035,process,null
2717,process,null,1621060371.714,Process_Create,6976,process,null
2717,process,null,1621060371.714,Process_Create,7070,process,null
2717,process,null,1621060371.714,Process_Create,7016,process,null
2717,process,null,1621060371.714,Process_Create,6988,process,null
2717,process,null,1621060371.714,Process_Create,7075,process,null
2717,process,null,1621060371.714,Process_Create,6990,process,null
2717,process,null,1621060371.714,Process_Create,7034,process,null
2717,process,null,1621060371.714,Process_Create,7058,process,null
2717,process,null,1621060371.714,Process_Create,6991,process,null
2717,process,null,1621060371.714,Process_Create,7064,process,null
2717,process,null,1621060371.714,Process_Create,6987,process,null
2717,process,null,1621060371.714,Process_Create,7027,process,null
2717,process,null,1621060371.714,Process_Create,7073,process,null
2717,process,null,1621060371.714,Process_Create,6984,process,null
2717,process,null,1621060371.714,Process_Create,7069,process,null
2717,process,null,1621060371.714,Process_Create,7024,process,null
2717,process,null,1621060371.714,Process_Create,7051,process,null
2717,process,null,1621060371.714,Process_Create,7008,process,null
2717,process,null,1621060371.714,Process_Create,7053,process,null
2717,process,null,1621060371.714,Process_Create,7047,process,null
2717,process,null,1621060371.714,Process_Create,7028,process,null
2717,process,null,1621060371.714,Process_Create,6997,process,null
2717,process,null,1621060371.714,Process_Create,6720,process,null
2717,process,null,1621060371.714,Process_Create,4136,process,null
2717,process,null,1621060371.714,Process_Create,7026,process,null
2717,process,null,1621060371.714,Process_Create,7020,process,null
2717,process,null,1621060371.714,Process_Create,7011,process,null
2717,process,null,1621060371.714,Process_Create,7036,process,null
2717,process,null,1621060371.714,Process_Create,6993,process,null
2717,process,null,1621060371.714,Process_Create,7007,process,null
2717,process,null,1621060371.714,Process_Create,7033,process,null
2717,process,null,1621060371.714,Process_Create,6992,process,null
2717,process,null,1621060371.714,Process_Create,7065,process,null
2717,process,null,1621060371.714,Process_Create,7059,process,null
2717,process,null,1621060371.714,Process_Create,6995,process,null
2717,process,null,1621060371.714,Process_Create,7030,process,null
2717,process,null,1621060371.714,Process_Create,6980,process,null
2717,process,null,1621060371.714,Process_Create,7043,process,null
2717,process,null,1621060371.714,Process_Create,7006,process,null
2717,process,null,1621060371.714,Process_Create,7025,process,null
2717,process,null,1621060371.714,Process_Create,7052,process,null
2717,process,null,1621060371.714,Process_Create,7062,process,null
2717,process,null,1621060371.714,Process_Create,6979,process,null
2717,process,null,1621060371.714,Process_Create,7049,process,null
2717,process,null,1621060371.714,Process_Create,7077,process,null
2717,process,null,1621060371.714,Process_Create,7037,process,null
2717,process,null,1621060371.714,Process_Create,7042,process,null
2717,process,null,1621060371.714,Process_Create,6723,process,null
2717,process,null,1621060371.714,Process_Create,7046,process,null
2717,process,null,1621060371.714,Process_Create,7055,process,null
2717,process,null,1621060371.714,Process_Create,7079,process,null
2717,process,null,1621060371.714,Process_Create,6977,process,null
2717,process,null,1621060371.714,Process_Create,7040,process,null
2717,process,null,1621060371.714,Process_Create,6981,process,null
2717,process,null,1621060371.714,Process_Create,7044,process,null
2717,process,null,1621060371.714,Process_Create,7012,process,null
2717,process,null,1621060371.714,Process_Create,7074,process,null
2717,process,null,1621060371.714,Process_Create,7004,process,null
2717,process,null,1621060371.714,Process_Create,7002,process,null
2717,process,null,1621060371.714,Process_Create,7022,process,null
2717,process,null,1621060371.714,Process_Create,7056,process,null
2717,process,null,1621060371.714,Process_Create,7031,process,null
2717,process,null,1621060371.714,Process_Create,7057,process,null
2717,process,null,1621060371.714,Process_Create,7068,process,null
2717,process,null,1621060371.714,Process_Create,7066,process,null
2717,process,null,1621060371.714,Process_Create,7015,process,null
2717,process,null,1621060371.714,Process_Create,7078,process,null
2717,process,null,1621060371.714,Process_Create,7045,process,null
2717,process,null,1621060371.714,Process_Create,7003,process,null
2717,process,null,1621060371.714,Process_Create,6998,process,null
2717,process,null,1621060371.714,Process_Create,7014,process,null
2717,process,null,1621060371.714,Process_Create,7076,process,null
2717,process,null,1621060371.714,Process_Create,7000,process,null
2717,process,null,1621060371.714,Process_Create,7019,process,null
2718,process,null,1621217228.202,Process_Create,4122,process,null
2718,process,null,1621217228.202,Process_Create,4123,process,null
2719,process,null,1621217228.638,Process_Create,6728,process,null
2719,process,null,1621217228.638,Process_Create,6726,process,null
2719,process,null,1621217228.638,Process_Create,6730,process,null
2719,process,null,1621217228.638,Process_Create,6727,process,null
2719,process,null,1621217228.638,Process_Create,6725,process,null
2719,process,null,1621217228.638,Process_Create,6735,process,null
2719,process,null,1621217228.638,Process_Create,6733,process,null
2719,process,null,1621217228.638,Process_Create,6732,process,null
2719,process,null,1621217228.638,Process_Create,4131,process,null
2719,process,null,1621217228.638,Process_Create,6734,process,null
2719,process,null,1621217228.638,Process_Create,6731,process,null
2719,process,null,1621217228.638,Process_Create,4132,process,null
2719,process,null,1621217228.638,Process_Create,4133,process,null
2719,process,null,1621217228.638,Process_Create,6724,process,null
2719,process,null,1621217228.638,Process_Create,6729,process,null
2720,process,null,1621231569.081,Process_Create,4153,process,null
2720,process,null,1621231569.081,Process_Create,4154,process,null
2721,process,null,1621146301.945,Process_Create,4175,process,null
2721,process,null,1621146301.945,Process_Create,4176,process,null
2721,process,null,1621146301.945,Process_Create,4174,process,null
2722,process,null,1621147914.416,Process_Create,7150,process,null
2722,process,null,1621147914.416,Process_Create,7145,process,null
2722,process,null,1621147914.416,Process_Create,7117,process,null
2722,process,null,1621147914.416,Process_Create,7160,process,null
2722,process,null,1621147914.416,Process_Create,7148,process,null
2722,process,null,1621147914.416,Process_Create,7088,process,null
2722,process,null,1621147914.416,Process_Create,7140,process,null
2722,process,null,1621147914.416,Process_Create,7094,process,null
2722,process,null,1621147914.416,Process_Create,7143,process,null
2722,process,null,1621147914.416,Process_Create,7080,process,null
2722,process,null,1621147914.416,Process_Create,7124,process,null
2722,process,null,1621147914.416,Process_Create,7158,process,null
2722,process,null,1621147914.416,Process_Create,6739,process,null
2722,process,null,1621147914.416,Process_Create,7131,process,null
2722,process,null,1621147914.416,Process_Create,7120,process,null
2722,process,null,1621147914.416,Process_Create,7082,process,null
2722,process,null,1621147914.416,Process_Create,7129,process,null
2722,process,null,1621147914.416,Process_Create,7107,process,null
2722,process,null,1621147914.416,Process_Create,7093,process,null
2722,process,null,1621147914.416,Process_Create,7142,process,null
2722,process,null,1621147914.416,Process_Create,7111,process,null
2722,process,null,1621147914.416,Process_Create,7132,process,null
2722,process,null,1621147914.416,Process_Create,7114,process,null
2722,process,null,1621147914.416,Process_Create,7100,process,null
2722,process,null,1621147914.416,Process_Create,7095,process,null
2722,process,null,1621147914.416,Process_Create,7084,process,null
2722,process,null,1621147914.416,Process_Create,4206,process,null
2722,process,null,1621147914.416,Process_Create,7183,process,null
2722,process,null,1621147914.416,Process_Create,7087,process,null
2722,process,null,1621147914.416,Process_Create,7099,process,null
2722,process,null,1621147914.416,Process_Create,7138,process,null
2722,process,null,1621147914.416,Process_Create,7127,process,null
2722,process,null,1621147914.416,Process_Create,7144,process,null
2722,process,null,1621147914.416,Process_Create,7112,process,null
2722,process,null,1621147914.416,Process_Create,7174,process,null
2722,process,null,1621147914.416,Process_Create,7106,process,null
2722,process,null,1621147914.416,Process_Create,7089,process,null
2722,process,null,1621147914.416,Process_Create,7102,process,null
2722,process,null,1621147914.416,Process_Create,7181,process,null
2722,process,null,1621147914.416,Process_Create,7180,process,null
2722,process,null,1621147914.416,Process_Create,7113,process,null
2722,process,null,1621147914.416,Process_Create,7085,process,null
2722,process,null,1621147914.416,Process_Create,4193,process,null
2722,process,null,1621147914.416,Process_Create,7182,process,null
2722,process,null,1621147914.416,Process_Create,7130,process,null
2722,process,null,1621147914.416,Process_Create,7103,process,null
2722,process,null,1621147914.416,Process_Create,7154,process,null
2722,process,null,1621147914.416,Process_Create,7126,process,null
2722,process,null,1621147914.416,Process_Create,7177,process,null
2722,process,null,1621147914.416,Process_Create,7167,process,null
2722,process,null,1621147914.416,Process_Create,7153,process,null
2722,process,null,1621147914.416,Process_Create,7086,process,null
2722,process,null,1621147914.416,Process_Create,7168,process,null
2722,process,null,1621147914.416,Process_Create,4207,process,null
2722,process,null,1621147914.416,Process_Create,7166,process,null
2722,process,null,1621147914.416,Process_Create,7105,process,null
2722,process,null,1621147914.416,Process_Create,7162,process,null
2722,process,null,1621147914.416,Process_Create,7083,process,null
2722,process,null,1621147914.416,Process_Create,7137,process,null
2722,process,null,1621147914.416,Process_Create,7169,process,null
2722,process,null,1621147914.416,Process_Create,7090,process,null
2722,process,null,1621147914.416,Process_Create,7161,process,null
2722,process,null,1621147914.416,Process_Create,6737,process,null
2722,process,null,1621147914.416,Process_Create,7098,process,null
2722,process,null,1621147914.416,Process_Create,6736,process,null
2722,process,null,1621147914.416,Process_Create,7119,process,null
2722,process,null,1621147914.416,Process_Create,7123,process,null
2722,process,null,1621147914.416,Process_Create,7097,process,null
2722,process,null,1621147914.416,Process_Create,7115,process,null
2722,process,null,1621147914.416,Process_Create,6738,process,null
2722,process,null,1621147914.416,Process_Create,7178,process,null
2722,process,null,1621147914.416,Process_Create,7139,process,null
2722,process,null,1621147914.416,Process_Create,7170,process,null
2722,process,null,1621147914.416,Process_Create,7101,process,null
2722,process,null,1621147914.416,Process_Create,7128,process,null
2722,process,null,1621147914.416,Process_Create,7116,process,null
2722,process,null,1621147914.416,Process_Create,7152,process,null
2722,process,null,1621147914.416,Process_Create,7133,process,null
2722,process,null,1621147914.416,Process_Create,7118,process,null
2722,process,null,1621147914.416,Process_Create,7109,process,null
2722,process,null,1621147914.416,Process_Create,7134,process,null
2722,process,null,1621147914.416,Process_Create,7155,process,null
2722,process,null,1621147914.416,Process_Create,7173,process,null
2722,process,null,1621147914.416,Process_Create,7125,process,null
2722,process,null,1621147914.416,Process_Create,7104,process,null
2722,process,null,1621147914.416,Process_Create,7081,process,null
2722,process,null,1621147914.416,Process_Create,7151,process,null
2722,process,null,1621147914.416,Process_Create,7096,process,null
2722,process,null,1621147914.416,Process_Create,7171,process,null
2722,process,null,1621147914.416,Process_Create,7172,process,null
2722,process,null,1621147914.416,Process_Create,7176,process,null
2722,process,null,1621147914.416,Process_Create,7122,process,null
2722,process,null,1621147914.416,Process_Create,7179,process,null
2722,process,null,1621147914.416,Process_Create,7147,process,null
2722,process,null,1621147914.416,Process_Create,7110,process,null
2722,process,null,1621147914.416,Process_Create,7146,process,null
2722,process,null,1621147914.416,Process_Create,7092,process,null
2722,process,null,1621147914.416,Process_Create,7121,process,null
2722,process,null,1621147914.416,Process_Create,7108,process,null
2722,process,null,1621147914.416,Process_Create,7141,process,null
2722,process,null,1621147914.416,Process_Create,7165,process,null
2722,process,null,1621147914.416,Process_Create,7135,process,null
2722,process,null,1621147914.416,Process_Create,7091,process,null
2722,process,null,1621147914.416,Process_Create,7164,process,null
2722,process,null,1621147914.416,Process_Create,7136,process,null
2722,process,null,1621147914.416,Process_Create,7175,process,null
2722,process,null,1621147914.416,Process_Create,7159,process,null
2722,process,null,1621147914.416,Process_Create,7149,process,null
2722,process,null,1621147914.416,Process_Create,7156,process,null
2722,process,null,1621147914.416,Process_Create,7157,process,null
2722,process,null,1621147914.416,Process_Create,7163,process,null
2723,process,null,1621261743.243,Process_Create,4197,process,null
2723,process,null,1621261743.243,Process_Create,4198,process,null
2724,process,null,1620896247.743,Process_Create,4212,process,null
2724,process,null,1620896247.743,Process_Create,4211,process,null
2725,process,null,1620896248.131,Process_Create,6751,process,null
2725,process,null,1620896248.131,Process_Create,6747,process,null
2725,process,null,1620896248.131,Process_Create,6743,process,null
2725,process,null,1620896248.131,Process_Create,4224,process,null
2725,process,null,1620896248.131,Process_Create,6744,process,null
2725,process,null,1620896248.131,Process_Create,6740,process,null
2725,process,null,1620896248.131,Process_Create,6750,process,null
2725,process,null,1620896248.131,Process_Create,6746,process,null
2725,process,null,1620896248.131,Process_Create,6745,process,null
2725,process,null,1620896248.131,Process_Create,4220,process,null
2725,process,null,1620896248.131,Process_Create,6741,process,null
2725,process,null,1620896248.131,Process_Create,6742,process,null
2725,process,null,1620896248.131,Process_Create,6749,process,null
2725,process,null,1620896248.131,Process_Create,4225,process,null
2725,process,null,1620896248.131,Process_Create,6748,process,null
2726,process,null,1621232701.976,Process_Create,4238,process,null
2726,process,null,1621232701.976,Process_Create,4240,process,null
2726,process,null,1621232701.976,Process_Create,4239,process,null
2727,process,null,1621233258.536,Process_Create,7228,process,null
2727,process,null,1621233258.536,Process_Create,7251,process,null
2727,process,null,1621233258.536,Process_Create,6754,process,null
2727,process,null,1621233258.536,Process_Create,7274,process,null
2727,process,null,1621233258.536,Process_Create,7266,process,null
2727,process,null,1621233258.536,Process_Create,7259,process,null
2727,process,null,1621233258.536,Process_Create,7219,process,null
2727,process,null,1621233258.536,Process_Create,7247,process,null
2727,process,null,1621233258.536,Process_Create,7227,process,null
2727,process,null,1621233258.536,Process_Create,7260,process,null
2727,process,null,1621233258.536,Process_Create,7277,process,null
2727,process,null,1621233258.536,Process_Create,7241,process,null
2727,process,null,1621233258.536,Process_Create,7193,process,null
2727,process,null,1621233258.536,Process_Create,7208,process,null
2727,process,null,1621233258.536,Process_Create,7231,process,null
2727,process,null,1621233258.536,Process_Create,7202,process,null
2727,process,null,1621233258.536,Process_Create,7221,process,null
2727,process,null,1621233258.536,Process_Create,7207,process,null
2727,process,null,1621233258.536,Process_Create,7218,process,null
2727,process,null,1621233258.536,Process_Create,7239,process,null
2727,process,null,1621233258.536,Process_Create,7201,process,null
2727,process,null,1621233258.536,Process_Create,7252,process,null
2727,process,null,1621233258.536,Process_Create,7285,process,null
2727,process,null,1621233258.536,Process_Create,7282,process,null
2727,process,null,1621233258.536,Process_Create,7240,process,null
2727,process,null,1621233258.536,Process_Create,7189,process,null
2727,process,null,1621233258.536,Process_Create,7194,process,null
2727,process,null,1621233258.536,Process_Create,4259,process,null
2727,process,null,1621233258.536,Process_Create,7238,process,null
2727,process,null,1621233258.536,Process_Create,7217,process,null
2727,process,null,1621233258.536,Process_Create,4257,process,null
2727,process,null,1621233258.536,Process_Create,7278,process,null
2727,process,null,1621233258.536,Process_Create,7185,process,null
2727,process,null,1621233258.536,Process_Create,7248,process,null
2727,process,null,1621233258.536,Process_Create,7204,process,null
2727,process,null,1621233258.536,Process_Create,4258,process,null
2727,process,null,1621233258.536,Process_Create,7236,process,null
2727,process,null,1621233258.536,Process_Create,7188,process,null
2727,process,null,1621233258.536,Process_Create,7220,process,null
2727,process,null,1621233258.536,Process_Create,7271,process,null
2727,process,null,1621233258.536,Process_Create,7286,process,null
2727,process,null,1621233258.536,Process_Create,7211,process,null
2727,process,null,1621233258.536,Process_Create,7269,process,null
2727,process,null,1621233258.536,Process_Create,7192,process,null
2727,process,null,1621233258.536,Process_Create,7267,process,null
2727,process,null,1621233258.536,Process_Create,7283,process,null
2727,process,null,1621233258.536,Process_Create,7246,process,null
2727,process,null,1621233258.536,Process_Create,7229,process,null
2727,process,null,1621233258.536,Process_Create,7209,process,null
2727,process,null,1621233258.536,Process_Create,7276,process,null
2727,process,null,1621233258.536,Process_Create,7214,process,null
2727,process,null,1621233258.536,Process_Create,7284,process,null
2727,process,null,1621233258.536,Process_Create,7275,process,null
2727,process,null,1621233258.536,Process_Create,7261,process,null
2727,process,null,1621233258.536,Process_Create,7215,process,null
2727,process,null,1621233258.536,Process_Create,7258,process,null
2727,process,null,1621233258.536,Process_Create,7205,process,null
2727,process,null,1621233258.536,Process_Create,7230,process,null
2727,process,null,1621233258.536,Process_Create,7195,process,null
2727,process,null,1621233258.536,Process_Create,7256,process,null
2727,process,null,1621233258.536,Process_Create,7203,process,null
2727,process,null,1621233258.536,Process_Create,7265,process,null
2727,process,null,1621233258.536,Process_Create,7200,process,null
2727,process,null,1621233258.536,Process_Create,7234,process,null
2727,process,null,1621233258.536,Process_Create,7184,process,null
2727,process,null,1621233258.536,Process_Create,7255,process,null
2727,process,null,1621233258.536,Process_Create,7187,process,null
2727,process,null,1621233258.536,Process_Create,7213,process,null
2727,process,null,1621233258.536,Process_Create,7254,process,null
2727,process,null,1621233258.536,Process_Create,7287,process,null
2727,process,null,1621233258.536,Process_Create,6753,process,null
2727,process,null,1621233258.536,Process_Create,7281,process,null
2727,process,null,1621233258.536,Process_Create,7250,process,null
2727,process,null,1621233258.536,Process_Create,6755,process,null
2727,process,null,1621233258.536,Process_Create,7196,process,null
2727,process,null,1621233258.536,Process_Create,7226,process,null
2727,process,null,1621233258.536,Process_Create,7223,process,null
2727,process,null,1621233258.536,Process_Create,7280,process,null
2727,process,null,1621233258.536,Process_Create,7273,process,null
2727,process,null,1621233258.536,Process_Create,7268,process,null
2727,process,null,1621233258.536,Process_Create,7212,process,null
2727,process,null,1621233258.536,Process_Create,7249,process,null
2727,process,null,1621233258.536,Process_Create,7243,process,null
2727,process,null,1621233258.536,Process_Create,7186,process,null
2727,process,null,1621233258.536,Process_Create,7190,process,null
2727,process,null,1621233258.536,Process_Create,7264,process,null
2727,process,null,1621233258.536,Process_Create,7242,process,null
2727,process,null,1621233258.536,Process_Create,7237,process,null
2727,process,null,1621233258.536,Process_Create,7216,process,null
2727,process,null,1621233258.536,Process_Create,6752,process,null
2727,process,null,1621233258.536,Process_Create,7253,process,null
2727,process,null,1621233258.536,Process_Create,7199,process,null
2727,process,null,1621233258.536,Process_Create,7224,process,null
2727,process,null,1621233258.536,Process_Create,7210,process,null
2727,process,null,1621233258.536,Process_Create,7233,process,null
2727,process,null,1621233258.536,Process_Create,7235,process,null
2727,process,null,1621233258.536,Process_Create,7244,process,null
2727,process,null,1621233258.536,Process_Create,7245,process,null
2727,process,null,1621233258.536,Process_Create,7197,process,null
2727,process,null,1621233258.536,Process_Create,7232,process,null
2727,process,null,1621233258.536,Process_Create,7279,process,null
2727,process,null,1621233258.536,Process_Create,7262,process,null
2727,process,null,1621233258.536,Process_Create,7270,process,null
2727,process,null,1621233258.536,Process_Create,7272,process,null
2727,process,null,1621233258.536,Process_Create,7257,process,null
2727,process,null,1621233258.536,Process_Create,7263,process,null
2727,process,null,1621233258.536,Process_Create,7225,process,null
2727,process,null,1621233258.536,Process_Create,7191,process,null
2727,process,null,1621233258.536,Process_Create,7198,process,null
2727,process,null,1621233258.536,Process_Create,7206,process,null
2727,process,null,1621233258.536,Process_Create,7222,process,null
2728,process,null,1620859690.417,Process_Create,4275,process,null
2728,process,null,1620859690.417,Process_Create,4274,process,null
2729,process,null,1620951927.009,Process_Create,4297,process,null
2729,process,null,1620951927.009,Process_Create,4296,process,null
2730,process,null,1620951927.441,Process_Create,6764,process,null
2730,process,null,1620951927.441,Process_Create,6761,process,null
2730,process,null,1620951927.441,Process_Create,4305,process,null
2730,process,null,1620951927.441,Process_Create,6762,process,null
2730,process,null,1620951927.441,Process_Create,6757,process,null
2730,process,null,1620951927.441,Process_Create,6763,process,null
2730,process,null,1620951927.441,Process_Create,6758,process,null
2730,process,null,1620951927.441,Process_Create,6759,process,null
2730,process,null,1620951927.441,Process_Create,6765,process,null
2730,process,null,1620951927.441,Process_Create,4306,process,null
2730,process,null,1620951927.441,Process_Create,6756,process,null
2730,process,null,1620951927.441,Process_Create,6767,process,null
2730,process,null,1620951927.441,Process_Create,6760,process,null
2730,process,null,1620951927.441,Process_Create,4307,process,null
2730,process,null,1620951927.441,Process_Create,6766,process,null
2731,process,null,1620974684.752,Process_Create,4315,process,null
2731,process,null,1620974684.752,Process_Create,4314,process,null
2732,process,null,1620991755.912,Process_Create,4337,process,null
2732,process,null,1620991755.912,Process_Create,4338,process,null
2733,process,null,1621045696.12,Process_Create,22067,process,null
2733,process,null,1621045696.12,Process_Create,21990,process,null
2733,process,null,1621045696.12,Process_Create,2734,process,null
2733,process,null,1621045696.12,Process_Create,2736,process,null
2733,process,null,1621045696.12,Process_Create,7542,process,null
2733,process,null,1621045696.12,Process_Create,21988,process,null
2733,process,null,1621045696.12,Process_Create,21989,process,null
2733,process,null,1621045696.12,Process_Create,2735,process,null
2733,process,null,1621045696.12,Process_Create,2737,process,null
2738,process,null,1621060468.116,Process_Create,21993,process,null
2738,process,null,1621060468.116,Process_Create,2741,process,null
2738,process,null,1621060468.116,Process_Create,2742,process,null
2738,process,null,1621060468.116,Process_Create,21991,process,null
2738,process,null,1621060468.116,Process_Create,22068,process,null
2738,process,null,1621060468.116,Process_Create,2739,process,null
2738,process,null,1621060468.116,Process_Create,2740,process,null
2738,process,null,1621060468.116,Process_Create,7543,process,null
2738,process,null,1621060468.116,Process_Create,21992,process,null
2743,process,null,1621060539.613,Process_Create,2747,process,null
2743,process,null,1621060539.613,Process_Create,2744,process,null
2743,process,null,1621060539.613,Process_Create,21995,process,null
2743,process,null,1621060539.613,Process_Create,22069,process,null
2743,process,null,1621060539.613,Process_Create,21996,process,null
2743,process,null,1621060539.613,Process_Create,2745,process,null
2743,process,null,1621060539.613,Process_Create,21994,process,null
2743,process,null,1621060539.613,Process_Create,2746,process,null
2743,process,null,1621060539.613,Process_Create,7544,process,null
2748,process,null,1621112103.115,Process_Create,22070,process,null
2748,process,null,1621112103.115,Process_Create,2749,process,null
2748,process,null,1621112103.115,Process_Create,2750,process,null
2748,process,null,1621112103.115,Process_Create,2751,process,null
2748,process,null,1621112103.115,Process_Create,21998,process,null
2748,process,null,1621112103.115,Process_Create,21999,process,null
2748,process,null,1621112103.115,Process_Create,7545,process,null
2748,process,null,1621112103.115,Process_Create,21997,process,null
2748,process,null,1621112103.115,Process_Create,2752,process,null
2753,process,null,1621146920.119,Process_Create,22009,process,null
2753,process,null,1621146920.119,Process_Create,7546,process,null
2753,process,null,1621146920.119,Process_Create,22011,process,null
2753,process,null,1621146920.119,Process_Create,22071,process,null
2753,process,null,1621146920.119,Process_Create,2754,process,null
2753,process,null,1621146920.119,Process_Create,22010,process,null
2753,process,null,1621146920.119,Process_Create,2757,process,null
2753,process,null,1621146920.119,Process_Create,2756,process,null
2753,process,null,1621146920.119,Process_Create,2755,process,null
2758,process,null,1621159606.615,Process_Create,2761,process,null
2758,process,null,1621159606.615,Process_Create,22012,process,null
2758,process,null,1621159606.615,Process_Create,2760,process,null
2758,process,null,1621159606.615,Process_Create,22013,process,null
2758,process,null,1621159606.615,Process_Create,22072,process,null
2758,process,null,1621159606.615,Process_Create,2762,process,null
2758,process,null,1621159606.615,Process_Create,2759,process,null
2758,process,null,1621159606.615,Process_Create,22014,process,null
2758,process,null,1621159606.615,Process_Create,7547,process,null
2763,process,null,1620887069.867,Process_Create,2765,process,null
2763,process,null,1620887069.867,Process_Create,22015,process,null
2763,process,null,1620887069.867,Process_Create,2767,process,null
2763,process,null,1620887069.867,Process_Create,22017,process,null
2763,process,null,1620887069.867,Process_Create,22073,process,null
2763,process,null,1620887069.867,Process_Create,2764,process,null
2763,process,null,1620887069.867,Process_Create,22016,process,null
2763,process,null,1620887069.867,Process_Create,7548,process,null
2763,process,null,1620887069.867,Process_Create,2766,process,null
2768,process,null,1621217197.865,Process_Create,7549,process,null
2768,process,null,1621217197.865,Process_Create,22026,process,null
2768,process,null,1621217197.865,Process_Create,2769,process,null
2768,process,null,1621217197.865,Process_Create,22027,process,null
2768,process,null,1621217197.865,Process_Create,22028,process,null
2768,process,null,1621217197.865,Process_Create,2771,process,null
2768,process,null,1621217197.865,Process_Create,2770,process,null
2768,process,null,1621217197.865,Process_Create,22074,process,null
2768,process,null,1621217197.865,Process_Create,2772,process,null
2773,process,null,1621231538.62,Process_Create,22030,process,null
2773,process,null,1621231538.62,Process_Create,2774,process,null
2773,process,null,1621231538.62,Process_Create,22075,process,null
2773,process,null,1621231538.62,Process_Create,7550,process,null
2773,process,null,1621231538.62,Process_Create,2775,process,null
2773,process,null,1621231538.62,Process_Create,22029,process,null
2773,process,null,1621231538.62,Process_Create,2776,process,null
2773,process,null,1621231538.62,Process_Create,22031,process,null
2773,process,null,1621231538.62,Process_Create,2777,process,null
2778,process,null,1621261712.867,Process_Create,22076,process,null
2778,process,null,1621261712.867,Process_Create,2781,process,null
2778,process,null,1621261712.867,Process_Create,2782,process,null
2778,process,null,1621261712.867,Process_Create,22033,process,null
2778,process,null,1621261712.867,Process_Create,22034,process,null
2778,process,null,1621261712.867,Process_Create,2779,process,null
2778,process,null,1621261712.867,Process_Create,7551,process,null
2778,process,null,1621261712.867,Process_Create,22032,process,null
2778,process,null,1621261712.867,Process_Create,2780,process,null
2783,process,null,1620896217.614,Process_Create,2784,process,null
2783,process,null,1620896217.614,Process_Create,2785,process,null
2783,process,null,1620896217.614,Process_Create,22037,process,null
2783,process,null,1620896217.614,Process_Create,2787,process,null
2783,process,null,1620896217.614,Process_Create,7552,process,null
2783,process,null,1620896217.614,Process_Create,2786,process,null
2783,process,null,1620896217.614,Process_Create,22036,process,null
2783,process,null,1620896217.614,Process_Create,22077,process,null
2783,process,null,1620896217.614,Process_Create,22035,process,null
2788,process,null,1620859660.116,Process_Create,22040,process,null
2788,process,null,1620859660.116,Process_Create,22038,process,null
2788,process,null,1620859660.116,Process_Create,2789,process,null
2788,process,null,1620859660.116,Process_Create,2790,process,null
2788,process,null,1620859660.116,Process_Create,22039,process,null
2788,process,null,1620859660.116,Process_Create,2792,process,null
2788,process,null,1620859660.116,Process_Create,7553,process,null
2788,process,null,1620859660.116,Process_Create,2791,process,null
2788,process,null,1620859660.116,Process_Create,22078,process,null
2793,process,null,1620951896.872,Process_Create,7554,process,null
2793,process,null,1620951896.872,Process_Create,2794,process,null
2793,process,null,1620951896.872,Process_Create,22059,process,null
2793,process,null,1620951896.872,Process_Create,2796,process,null
2793,process,null,1620951896.872,Process_Create,22058,process,null
2793,process,null,1620951896.872,Process_Create,2795,process,null
2793,process,null,1620951896.872,Process_Create,22079,process,null
2793,process,null,1620951896.872,Process_Create,22057,process,null
2793,process,null,1620951896.872,Process_Create,2797,process,null
2798,process,null,1620974654.644,Process_Create,2800,process,null
2798,process,null,1620974654.644,Process_Create,7555,process,null
2798,process,null,1620974654.644,Process_Create,2801,process,null
2798,process,null,1620974654.644,Process_Create,22080,process,null
2798,process,null,1620974654.644,Process_Create,2802,process,null
2798,process,null,1620974654.644,Process_Create,2799,process,null
2798,process,null,1620974654.644,Process_Create,22060,process,null
2798,process,null,1620974654.644,Process_Create,22062,process,null
2798,process,null,1620974654.644,Process_Create,22061,process,null
2803,process,null,1620991725.62,Process_Create,7556,process,null
2803,process,null,1620991725.62,Process_Create,2807,process,null
2803,process,null,1620991725.62,Process_Create,22065,process,null
2803,process,null,1620991725.62,Process_Create,22063,process,null
2803,process,null,1620991725.62,Process_Create,22081,process,null
2803,process,null,1620991725.62,Process_Create,2806,process,null
2803,process,null,1620991725.62,Process_Create,22064,process,null
2803,process,null,1620991725.62,Process_Create,2804,process,null
2803,process,null,1620991725.62,Process_Create,2805,process,null
2808,process,null,1620887647.518,Process_Create,2436,process,null
2808,process,null,1620887647.518,Process_Create,2432,process,null
2808,process,null,1620887647.518,Process_Create,2437,process,null
2808,process,null,1620887647.518,Process_Create,26130,process,null
2808,process,null,1620887647.518,Process_Create,2440,process,null
2808,process,null,1620887647.518,Process_Create,2435,process,null
2808,process,null,1620887647.518,Process_Create,8657,process,null
2808,process,null,1620887647.518,Process_Create,2438,process,null
2808,process,null,1620887647.518,Process_Create,8571,process,null
2808,process,null,1620887647.518,Process_Create,6577,process,null
2808,process,null,1620887647.518,Process_Create,25529,process,null
2808,process,null,1620887647.518,Process_Create,2439,process,null
2808,process,null,1620887647.518,Process_Create,2433,process,null
2808,process,null,1620887647.518,Process_Create,3011,process,null
2808,process,null,1620887647.518,Process_Create,2434,process,null
2808,process,null,1620887647.518,Process_Create,7431,process,null
2809,process,null,1620974990.723,Process_Create,26142,process,null
2809,process,null,1620974990.723,Process_Create,8576,process,null
2809,process,null,1620974990.723,Process_Create,7432,process,null
2809,process,null,1620974990.723,Process_Create,25533,process,null
2809,process,null,1620974990.723,Process_Create,2472,process,null
2809,process,null,1620974990.723,Process_Create,2470,process,null
2809,process,null,1620974990.723,Process_Create,2473,process,null
2809,process,null,1620974990.723,Process_Create,3016,process,null
2809,process,null,1620974990.723,Process_Create,8699,process,null
2809,process,null,1620974990.723,Process_Create,2475,process,null
2809,process,null,1620974990.723,Process_Create,2467,process,null
2809,process,null,1620974990.723,Process_Create,2469,process,null
2809,process,null,1620974990.723,Process_Create,2471,process,null
2809,process,null,1620974990.723,Process_Create,2474,process,null
2809,process,null,1620974990.723,Process_Create,6578,process,null
2809,process,null,1620974990.723,Process_Create,2468,process,null
2810,process,null,1621060371.67,Process_Create,2542,process,null
2810,process,null,1621060371.67,Process_Create,2541,process,null
2810,process,null,1621060371.67,Process_Create,2543,process,null
2810,process,null,1621060371.67,Process_Create,8746,process,null
2810,process,null,1621060371.67,Process_Create,2539,process,null
2810,process,null,1621060371.67,Process_Create,6579,process,null
2810,process,null,1621060371.67,Process_Create,8585,process,null
2810,process,null,1621060371.67,Process_Create,7436,process,null
2810,process,null,1621060371.67,Process_Create,2537,process,null
2810,process,null,1621060371.67,Process_Create,26168,process,null
2810,process,null,1621060371.67,Process_Create,2536,process,null
2810,process,null,1621060371.67,Process_Create,3017,process,null
2810,process,null,1621060371.67,Process_Create,2538,process,null
2810,process,null,1621060371.67,Process_Create,2544,process,null
2810,process,null,1621060371.67,Process_Create,2540,process,null
2810,process,null,1621060371.67,Process_Create,25540,process,null
2811,process,null,1621147914.372,Process_Create,2593,process,null
2811,process,null,1621147914.372,Process_Create,2595,process,null
2811,process,null,1621147914.372,Process_Create,2594,process,null
2811,process,null,1621147914.372,Process_Create,2591,process,null
2811,process,null,1621147914.372,Process_Create,25546,process,null
2811,process,null,1621147914.372,Process_Create,2596,process,null
2811,process,null,1621147914.372,Process_Create,2589,process,null
2811,process,null,1621147914.372,Process_Create,8790,process,null
2811,process,null,1621147914.372,Process_Create,2590,process,null
2811,process,null,1621147914.372,Process_Create,26186,process,null
2811,process,null,1621147914.372,Process_Create,3018,process,null
2811,process,null,1621147914.372,Process_Create,8590,process,null
2811,process,null,1621147914.372,Process_Create,7443,process,null
2811,process,null,1621147914.372,Process_Create,2588,process,null
2811,process,null,1621147914.372,Process_Create,2592,process,null
2811,process,null,1621147914.372,Process_Create,6580,process,null
2812,process,null,1621233258.492,Process_Create,2635,process,null
2812,process,null,1621233258.492,Process_Create,3020,process,null
2812,process,null,1621233258.492,Process_Create,2636,process,null
2812,process,null,1621233258.492,Process_Create,2641,process,null
2812,process,null,1621233258.492,Process_Create,2640,process,null
2812,process,null,1621233258.492,Process_Create,26201,process,null
2812,process,null,1621233258.492,Process_Create,2638,process,null
2812,process,null,1621233258.492,Process_Create,2633,process,null
2812,process,null,1621233258.492,Process_Create,2634,process,null
2812,process,null,1621233258.492,Process_Create,7445,process,null
2812,process,null,1621233258.492,Process_Create,6581,process,null
2812,process,null,1621233258.492,Process_Create,2639,process,null
2812,process,null,1621233258.492,Process_Create,8592,process,null
2812,process,null,1621233258.492,Process_Create,2637,process,null
2812,process,null,1621233258.492,Process_Create,8830,process,null
2812,process,null,1621233258.492,Process_Create,25551,process,null
2813,process,null,1621045726.352,Process_Create,2386,process,null
2813,process,null,1621045726.352,Process_Create,6537,process,null
2813,process,null,1621045726.352,Process_Create,2814,process,null
2814,process,null,1621045726.484,Process_Create,2387,process,null
2814,process,null,1621045726.484,Process_Create,3054,process,null
2814,process,null,1621045726.484,Process_Create,2390,process,null
2814,process,null,1621045726.484,Process_Create,3645,process,null
2814,process,null,1621045726.484,Process_Create,2704,process,null
2814,process,null,1621045726.484,Process_Create,25526,process,null
2814,process,null,1621045726.484,Process_Create,2388,process,null
2814,process,null,1621045726.484,Process_Create,25691,process,null
2814,process,null,1621045726.484,Process_Create,3648,process,null
2814,process,null,1621045726.484,Process_Create,26112,process,null
2814,process,null,1621045726.484,Process_Create,3650,process,null
2814,process,null,1621045726.484,Process_Create,2389,process,null
2814,process,null,1621045726.484,Process_Create,2703,process,null
2814,process,null,1621045726.484,Process_Create,25527,process,null
2814,process,null,1621045726.484,Process_Create,3652,process,null
2814,process,null,1621045726.484,Process_Create,4362,process,null
2814,process,null,1621045726.484,Process_Create,26113,process,null
2814,process,null,1621045726.484,Process_Create,25695,process,null
2814,process,null,1621045726.484,Process_Create,2393,process,null
2814,process,null,1621045726.484,Process_Create,2394,process,null
2814,process,null,1621045726.484,Process_Create,26111,process,null
2814,process,null,1621045726.484,Process_Create,2395,process,null
2814,process,null,1621045726.484,Process_Create,2391,process,null
2814,process,null,1621045726.484,Process_Create,6583,process,null
2814,process,null,1621045726.484,Process_Create,3646,process,null
2814,process,null,1621045726.484,Process_Create,2392,process,null
2815,process,null,1621060498.369,Process_Create,2816,process,null
2815,process,null,1621060498.369,Process_Create,6539,process,null
2815,process,null,1621060498.369,Process_Create,2396,process,null
2816,process,null,1621060498.433,Process_Create,2401,process,null
2816,process,null,1621060498.433,Process_Create,2406,process,null
2816,process,null,1621060498.433,Process_Create,2398,process,null
2816,process,null,1621060498.433,Process_Create,3661,process,null
2816,process,null,1621060498.433,Process_Create,3665,process,null
2816,process,null,1621060498.433,Process_Create,4346,process,null
2816,process,null,1621060498.433,Process_Create,7382,process,null
2816,process,null,1621060498.433,Process_Create,2407,process,null
2816,process,null,1621060498.433,Process_Create,26119,process,null
2816,process,null,1621060498.433,Process_Create,25702,process,null
2816,process,null,1621060498.433,Process_Create,2412,process,null
2816,process,null,1621060498.433,Process_Create,26228,process,null
2816,process,null,1621060498.433,Process_Create,3660,process,null
2816,process,null,1621060498.433,Process_Create,25528,process,null
2816,process,null,1621060498.433,Process_Create,3056,process,null
2816,process,null,1621060498.433,Process_Create,2410,process,null
2816,process,null,1621060498.433,Process_Create,26120,process,null
2816,process,null,1621060498.433,Process_Create,2411,process,null
2816,process,null,1621060498.433,Process_Create,2404,process,null
2816,process,null,1621060498.433,Process_Create,2403,process,null
2816,process,null,1621060498.433,Process_Create,4895,process,null
2816,process,null,1621060498.433,Process_Create,2408,process,null
2816,process,null,1621060498.433,Process_Create,2397,process,null
2816,process,null,1621060498.433,Process_Create,2405,process,null
2816,process,null,1621060498.433,Process_Create,2409,process,null
2816,process,null,1621060498.433,Process_Create,3663,process,null
2816,process,null,1621060498.433,Process_Create,2399,process,null
2816,process,null,1621060498.433,Process_Create,26118,process,null
2816,process,null,1621060498.433,Process_Create,2402,process,null
2816,process,null,1621060498.433,Process_Create,2400,process,null
2816,process,null,1621060498.433,Process_Create,2705,process,null
2817,process,null,1621060569.682,Process_Create,6540,process,null
2817,process,null,1621060569.682,Process_Create,2413,process,null
2817,process,null,1621060569.682,Process_Create,2818,process,null
2818,process,null,1621060569.694,Process_Create,6590,process,null
2818,process,null,1621060569.694,Process_Create,2420,process,null
2818,process,null,1621060569.694,Process_Create,3667,process,null
2818,process,null,1621060569.694,Process_Create,26123,process,null
2818,process,null,1621060569.694,Process_Create,3672,process,null
2818,process,null,1621060569.694,Process_Create,2417,process,null
2818,process,null,1621060569.694,Process_Create,26122,process,null
2818,process,null,1621060569.694,Process_Create,3670,process,null
2818,process,null,1621060569.694,Process_Create,2415,process,null
2818,process,null,1621060569.694,Process_Create,2419,process,null
2818,process,null,1621060569.694,Process_Create,2422,process,null
2818,process,null,1621060569.694,Process_Create,2416,process,null
2818,process,null,1621060569.694,Process_Create,2706,process,null
2818,process,null,1621060569.694,Process_Create,3057,process,null
2818,process,null,1621060569.694,Process_Create,25709,process,null
2818,process,null,1621060569.694,Process_Create,3668,process,null
2818,process,null,1621060569.694,Process_Create,3674,process,null
2818,process,null,1621060569.694,Process_Create,26121,process,null
2818,process,null,1621060569.694,Process_Create,2418,process,null
2818,process,null,1621060569.694,Process_Create,4363,process,null
2818,process,null,1621060569.694,Process_Create,2421,process,null
2818,process,null,1621060569.694,Process_Create,2414,process,null
2819,process,null,1621112133.323,Process_Create,2820,process,null
2819,process,null,1621112133.323,Process_Create,2441,process,null
2819,process,null,1621112133.323,Process_Create,6541,process,null
2820,process,null,1621112133.347,Process_Create,3059,process,null
2820,process,null,1621112133.347,Process_Create,25715,process,null
2820,process,null,1621112133.347,Process_Create,26135,process,null
2820,process,null,1621112133.347,Process_Create,3682,process,null
2820,process,null,1621112133.347,Process_Create,2450,process,null
2820,process,null,1621112133.347,Process_Create,2449,process,null
2820,process,null,1621112133.347,Process_Create,2447,process,null
2820,process,null,1621112133.347,Process_Create,2444,process,null
2820,process,null,1621112133.347,Process_Create,3680,process,null
2820,process,null,1621112133.347,Process_Create,2448,process,null
2820,process,null,1621112133.347,Process_Create,2446,process,null
2820,process,null,1621112133.347,Process_Create,3686,process,null
2820,process,null,1621112133.347,Process_Create,26133,process,null
2820,process,null,1621112133.347,Process_Create,2709,process,null
2820,process,null,1621112133.347,Process_Create,2442,process,null
2820,process,null,1621112133.347,Process_Create,26134,process,null
2820,process,null,1621112133.347,Process_Create,4366,process,null
2820,process,null,1621112133.347,Process_Create,3679,process,null
2820,process,null,1621112133.347,Process_Create,6593,process,null
2820,process,null,1621112133.347,Process_Create,3684,process,null
2820,process,null,1621112133.347,Process_Create,2443,process,null
2820,process,null,1621112133.347,Process_Create,2445,process,null
2821,process,null,1621146950.327,Process_Create,2476,process,null
2821,process,null,1621146950.327,Process_Create,6544,process,null
2821,process,null,1621146950.327,Process_Create,2822,process,null
2822,process,null,1621146950.359,Process_Create,2712,process,null
2822,process,null,1621146950.359,Process_Create,26149,process,null
2822,process,null,1621146950.359,Process_Create,26230,process,null
2822,process,null,1621146950.359,Process_Create,2489,process,null
2822,process,null,1621146950.359,Process_Create,3701,process,null
2822,process,null,1621146950.359,Process_Create,2478,process,null
2822,process,null,1621146950.359,Process_Create,5332,process,null
2822,process,null,1621146950.359,Process_Create,2483,process,null
2822,process,null,1621146950.359,Process_Create,3067,process,null
2822,process,null,1621146950.359,Process_Create,3704,process,null
2822,process,null,1621146950.359,Process_Create,2480,process,null
2822,process,null,1621146950.359,Process_Create,2485,process,null
2822,process,null,1621146950.359,Process_Create,2484,process,null
2822,process,null,1621146950.359,Process_Create,25534,process,null
2822,process,null,1621146950.359,Process_Create,2481,process,null
2822,process,null,1621146950.359,Process_Create,2490,process,null
2822,process,null,1621146950.359,Process_Create,2491,process,null
2822,process,null,1621146950.359,Process_Create,2488,process,null
2822,process,null,1621146950.359,Process_Create,2486,process,null
2822,process,null,1621146950.359,Process_Create,26148,process,null
2822,process,null,1621146950.359,Process_Create,2492,process,null
2822,process,null,1621146950.359,Process_Create,4347,process,null
2822,process,null,1621146950.359,Process_Create,2477,process,null
2822,process,null,1621146950.359,Process_Create,26147,process,null
2822,process,null,1621146950.359,Process_Create,2482,process,null
2822,process,null,1621146950.359,Process_Create,2479,process,null
2822,process,null,1621146950.359,Process_Create,25720,process,null
2822,process,null,1621146950.359,Process_Create,3702,process,null
2822,process,null,1621146950.359,Process_Create,7383,process,null
2822,process,null,1621146950.359,Process_Create,3706,process,null
2822,process,null,1621146950.359,Process_Create,2487,process,null
2823,process,null,1621159636.692,Process_Create,6545,process,null
2823,process,null,1621159636.692,Process_Create,2493,process,null
2823,process,null,1621159636.692,Process_Create,2824,process,null
2824,process,null,1621159636.704,Process_Create,2501,process,null
2824,process,null,1621159636.704,Process_Create,25536,process,null
2824,process,null,1621159636.704,Process_Create,2500,process,null
2824,process,null,1621159636.704,Process_Create,6601,process,null
2824,process,null,1621159636.704,Process_Create,26150,process,null
2824,process,null,1621159636.704,Process_Create,2713,process,null
2824,process,null,1621159636.704,Process_Create,25727,process,null
2824,process,null,1621159636.704,Process_Create,25731,process,null
2824,process,null,1621159636.704,Process_Create,3716,process,null
2824,process,null,1621159636.704,Process_Create,2495,process,null
2824,process,null,1621159636.704,Process_Create,3712,process,null
2824,process,null,1621159636.704,Process_Create,2496,process,null
2824,process,null,1621159636.704,Process_Create,3710,process,null
2824,process,null,1621159636.704,Process_Create,26152,process,null
2824,process,null,1621159636.704,Process_Create,3709,process,null
2824,process,null,1621159636.704,Process_Create,2494,process,null
2824,process,null,1621159636.704,Process_Create,3714,process,null
2824,process,null,1621159636.704,Process_Create,2502,process,null
2824,process,null,1621159636.704,Process_Create,25535,process,null
2824,process,null,1621159636.704,Process_Create,2497,process,null
2824,process,null,1621159636.704,Process_Create,26151,process,null
2824,process,null,1621159636.704,Process_Create,3068,process,null
2824,process,null,1621159636.704,Process_Create,2499,process,null
2824,process,null,1621159636.704,Process_Create,2498,process,null
2824,process,null,1621159636.704,Process_Create,4367,process,null
2824,process,null,1621159636.704,Process_Create,2714,process,null
2825,process,null,1620887099.94,Process_Create,6547,process,null
2825,process,null,1620887099.94,Process_Create,2826,process,null
2825,process,null,1620887099.94,Process_Create,2510,process,null
2826,process,null,1620887099.952,Process_Create,7384,process,null
2826,process,null,1620887099.952,Process_Create,2520,process,null
2826,process,null,1620887099.952,Process_Create,3723,process,null
2826,process,null,1620887099.952,Process_Create,5507,process,null
2826,process,null,1620887099.952,Process_Create,4348,process,null
2826,process,null,1620887099.952,Process_Create,2513,process,null
2826,process,null,1620887099.952,Process_Create,2519,process,null
2826,process,null,1620887099.952,Process_Create,2517,process,null
2826,process,null,1620887099.952,Process_Create,2522,process,null
2826,process,null,1620887099.952,Process_Create,25741,process,null
2826,process,null,1620887099.952,Process_Create,2715,process,null
2826,process,null,1620887099.952,Process_Create,3727,process,null
2826,process,null,1620887099.952,Process_Create,2512,process,null
2826,process,null,1620887099.952,Process_Create,2511,process,null
2826,process,null,1620887099.952,Process_Create,26157,process,null
2826,process,null,1620887099.952,Process_Create,26158,process,null
2826,process,null,1620887099.952,Process_Create,25539,process,null
2826,process,null,1620887099.952,Process_Create,2518,process,null
2826,process,null,1620887099.952,Process_Create,2516,process,null
2826,process,null,1620887099.952,Process_Create,26156,process,null
2826,process,null,1620887099.952,Process_Create,2526,process,null
2826,process,null,1620887099.952,Process_Create,2525,process,null
2826,process,null,1620887099.952,Process_Create,3722,process,null
2826,process,null,1620887099.952,Process_Create,2524,process,null
2826,process,null,1620887099.952,Process_Create,3725,process,null
2826,process,null,1620887099.952,Process_Create,3074,process,null
2826,process,null,1620887099.952,Process_Create,2523,process,null
2826,process,null,1620887099.952,Process_Create,2521,process,null
2826,process,null,1620887099.952,Process_Create,26232,process,null
2826,process,null,1620887099.952,Process_Create,2514,process,null
2826,process,null,1620887099.952,Process_Create,2515,process,null
2827,process,null,1621217228.086,Process_Create,2828,process,null
2827,process,null,1621217228.086,Process_Create,6549,process,null
2827,process,null,1621217228.086,Process_Create,2545,process,null
2828,process,null,1621217228.146,Process_Create,25748,process,null
2828,process,null,1621217228.146,Process_Create,2553,process,null
2828,process,null,1621217228.146,Process_Create,2548,process,null
2828,process,null,1621217228.146,Process_Create,3077,process,null
2828,process,null,1621217228.146,Process_Create,26170,process,null
2828,process,null,1621217228.146,Process_Create,3747,process,null
2828,process,null,1621217228.146,Process_Create,2552,process,null
2828,process,null,1621217228.146,Process_Create,2546,process,null
2828,process,null,1621217228.146,Process_Create,2551,process,null
2828,process,null,1621217228.146,Process_Create,26169,process,null
2828,process,null,1621217228.146,Process_Create,6609,process,null
2828,process,null,1621217228.146,Process_Create,3743,process,null
2828,process,null,1621217228.146,Process_Create,2549,process,null
2828,process,null,1621217228.146,Process_Create,3749,process,null
2828,process,null,1621217228.146,Process_Create,2547,process,null
2828,process,null,1621217228.146,Process_Create,2719,process,null
2828,process,null,1621217228.146,Process_Create,4368,process,null
2828,process,null,1621217228.146,Process_Create,26171,process,null
2828,process,null,1621217228.146,Process_Create,2718,process,null
2828,process,null,1621217228.146,Process_Create,3745,process,null
2828,process,null,1621217228.146,Process_Create,2554,process,null
2828,process,null,1621217228.146,Process_Create,25541,process,null
2828,process,null,1621217228.146,Process_Create,25542,process,null
2828,process,null,1621217228.146,Process_Create,2550,process,null
2828,process,null,1621217228.146,Process_Create,25752,process,null
2828,process,null,1621217228.146,Process_Create,3742,process,null
2829,process,null,1621231568.977,Process_Create,2830,process,null
2829,process,null,1621231568.977,Process_Create,6551,process,null
2829,process,null,1621231568.977,Process_Create,2562,process,null
2830,process,null,1621231569.037,Process_Create,2563,process,null
2830,process,null,1621231569.037,Process_Create,26234,process,null
2830,process,null,1621231569.037,Process_Create,26176,process,null
2830,process,null,1621231569.037,Process_Create,2578,process,null
2830,process,null,1621231569.037,Process_Create,5757,process,null
2830,process,null,1621231569.037,Process_Create,25762,process,null
2830,process,null,1621231569.037,Process_Create,2571,process,null
2830,process,null,1621231569.037,Process_Create,7385,process,null
2830,process,null,1621231569.037,Process_Create,2566,process,null
2830,process,null,1621231569.037,Process_Create,2567,process,null
2830,process,null,1621231569.037,Process_Create,3083,process,null
2830,process,null,1621231569.037,Process_Create,3755,process,null
2830,process,null,1621231569.037,Process_Create,3756,process,null
2830,process,null,1621231569.037,Process_Create,2564,process,null
2830,process,null,1621231569.037,Process_Create,2577,process,null
2830,process,null,1621231569.037,Process_Create,26175,process,null
2830,process,null,1621231569.037,Process_Create,3760,process,null
2830,process,null,1621231569.037,Process_Create,2572,process,null
2830,process,null,1621231569.037,Process_Create,2576,process,null
2830,process,null,1621231569.037,Process_Create,2565,process,null
2830,process,null,1621231569.037,Process_Create,2720,process,null
2830,process,null,1621231569.037,Process_Create,25545,process,null
2830,process,null,1621231569.037,Process_Create,4349,process,null
2830,process,null,1621231569.037,Process_Create,2569,process,null
2830,process,null,1621231569.037,Process_Create,2575,process,null
2830,process,null,1621231569.037,Process_Create,26177,process,null
2830,process,null,1621231569.037,Process_Create,2574,process,null
2830,process,null,1621231569.037,Process_Create,2570,process,null
2830,process,null,1621231569.037,Process_Create,2568,process,null
2830,process,null,1621231569.037,Process_Create,3758,process,null
2830,process,null,1621231569.037,Process_Create,2573,process,null
2831,process,null,1621261743.151,Process_Create,2597,process,null
2831,process,null,1621261743.151,Process_Create,2832,process,null
2831,process,null,1621261743.151,Process_Create,6553,process,null
2832,process,null,1621261743.207,Process_Create,3774,process,null
2832,process,null,1621261743.207,Process_Create,3778,process,null
2832,process,null,1621261743.207,Process_Create,3776,process,null
2832,process,null,1621261743.207,Process_Create,2723,process,null
2832,process,null,1621261743.207,Process_Create,2599,process,null
2832,process,null,1621261743.207,Process_Create,2604,process,null
2832,process,null,1621261743.207,Process_Create,2602,process,null
2832,process,null,1621261743.207,Process_Create,2601,process,null
2832,process,null,1621261743.207,Process_Create,2603,process,null
2832,process,null,1621261743.207,Process_Create,26189,process,null
2832,process,null,1621261743.207,Process_Create,26187,process,null
2832,process,null,1621261743.207,Process_Create,6617,process,null
2832,process,null,1621261743.207,Process_Create,3773,process,null
2832,process,null,1621261743.207,Process_Create,2605,process,null
2832,process,null,1621261743.207,Process_Create,26188,process,null
2832,process,null,1621261743.207,Process_Create,2600,process,null
2832,process,null,1621261743.207,Process_Create,3086,process,null
2832,process,null,1621261743.207,Process_Create,2606,process,null
2832,process,null,1621261743.207,Process_Create,2598,process,null
2832,process,null,1621261743.207,Process_Create,3780,process,null
2832,process,null,1621261743.207,Process_Create,4369,process,null
2832,process,null,1621261743.207,Process_Create,25769,process,null
2833,process,null,1620896247.699,Process_Create,6554,process,null
2833,process,null,1620896247.699,Process_Create,2607,process,null
2833,process,null,1620896247.699,Process_Create,2834,process,null
2834,process,null,1620896247.719,Process_Create,26192,process,null
2834,process,null,1620896247.719,Process_Create,2725,process,null
2834,process,null,1620896247.719,Process_Create,3793,process,null
2834,process,null,1620896247.719,Process_Create,25550,process,null
2834,process,null,1620896247.719,Process_Create,25780,process,null
2834,process,null,1620896247.719,Process_Create,2615,process,null
2834,process,null,1620896247.719,Process_Create,26194,process,null
2834,process,null,1620896247.719,Process_Create,25776,process,null
2834,process,null,1620896247.719,Process_Create,2616,process,null
2834,process,null,1620896247.719,Process_Create,2724,process,null
2834,process,null,1620896247.719,Process_Create,4370,process,null
2834,process,null,1620896247.719,Process_Create,3787,process,null
2834,process,null,1620896247.719,Process_Create,2608,process,null
2834,process,null,1620896247.719,Process_Create,3789,process,null
2834,process,null,1620896247.719,Process_Create,25548,process,null
2834,process,null,1620896247.719,Process_Create,2611,process,null
2834,process,null,1620896247.719,Process_Create,3791,process,null
2834,process,null,1620896247.719,Process_Create,2609,process,null
2834,process,null,1620896247.719,Process_Create,3785,process,null
2834,process,null,1620896247.719,Process_Create,2610,process,null
2834,process,null,1620896247.719,Process_Create,2614,process,null
2834,process,null,1620896247.719,Process_Create,3087,process,null
2834,process,null,1620896247.719,Process_Create,6618,process,null
2834,process,null,1620896247.719,Process_Create,26193,process,null
2834,process,null,1620896247.719,Process_Create,2613,process,null
2834,process,null,1620896247.719,Process_Create,2612,process,null
2835,process,null,1620859690.253,Process_Create,2836,process,null
2835,process,null,1620859690.253,Process_Create,2649,process,null
2835,process,null,1620859690.253,Process_Create,6557,process,null
2836,process,null,1620859690.333,Process_Create,6027,process,null
2836,process,null,1620859690.333,Process_Create,3806,process,null
2836,process,null,1620859690.333,Process_Create,3122,process,null
2836,process,null,1620859690.333,Process_Create,8902,process,null
2836,process,null,1620859690.333,Process_Create,2654,process,null
2836,process,null,1620859690.333,Process_Create,2660,process,null
2836,process,null,1620859690.333,Process_Create,2657,process,null
2836,process,null,1620859690.333,Process_Create,26240,process,null
2836,process,null,1620859690.333,Process_Create,2663,process,null
2836,process,null,1620859690.333,Process_Create,2650,process,null
2836,process,null,1620859690.333,Process_Create,2658,process,null
2836,process,null,1620859690.333,Process_Create,2665,process,null
2836,process,null,1620859690.333,Process_Create,2652,process,null
2836,process,null,1620859690.333,Process_Create,26210,process,null
2836,process,null,1620859690.333,Process_Create,3811,process,null
2836,process,null,1620859690.333,Process_Create,2656,process,null
2836,process,null,1620859690.333,Process_Create,2659,process,null
2836,process,null,1620859690.333,Process_Create,25790,process,null
2836,process,null,1620859690.333,Process_Create,2655,process,null
2836,process,null,1620859690.333,Process_Create,3807,process,null
2836,process,null,1620859690.333,Process_Create,2653,process,null
2836,process,null,1620859690.333,Process_Create,2728,process,null
2836,process,null,1620859690.333,Process_Create,3809,process,null
2836,process,null,1620859690.333,Process_Create,2662,process,null
2836,process,null,1620859690.333,Process_Create,26207,process,null
2836,process,null,1620859690.333,Process_Create,26208,process,null
2836,process,null,1620859690.333,Process_Create,7390,process,null
2836,process,null,1620859690.333,Process_Create,3099,process,null
2836,process,null,1620859690.333,Process_Create,2651,process,null
2836,process,null,1620859690.333,Process_Create,2664,process,null
2836,process,null,1620859690.333,Process_Create,4350,process,null
2836,process,null,1620859690.333,Process_Create,2661,process,null
2836,process,null,1620859690.333,Process_Create,25554,process,null
2837,process,null,1620951926.961,Process_Create,2666,process,null
2837,process,null,1620951926.961,Process_Create,2838,process,null
2837,process,null,1620951926.961,Process_Create,6558,process,null
2838,process,null,1620951926.977,Process_Create,3816,process,null
2838,process,null,1620951926.977,Process_Create,2667,process,null
2838,process,null,1620951926.977,Process_Create,2673,process,null
2838,process,null,1620951926.977,Process_Create,2730,process,null
2838,process,null,1620951926.977,Process_Create,6621,process,null
2838,process,null,1620951926.977,Process_Create,25801,process,null
2838,process,null,1620951926.977,Process_Create,25555,process,null
2838,process,null,1620951926.977,Process_Create,3818,process,null
2838,process,null,1620951926.977,Process_Create,26212,process,null
2838,process,null,1620951926.977,Process_Create,2672,process,null
2838,process,null,1620951926.977,Process_Create,25797,process,null
2838,process,null,1620951926.977,Process_Create,26214,process,null
2838,process,null,1620951926.977,Process_Create,26213,process,null
2838,process,null,1620951926.977,Process_Create,2670,process,null
2838,process,null,1620951926.977,Process_Create,2671,process,null
2838,process,null,1620951926.977,Process_Create,3814,process,null
2838,process,null,1620951926.977,Process_Create,3820,process,null
2838,process,null,1620951926.977,Process_Create,2729,process,null
2838,process,null,1620951926.977,Process_Create,2675,process,null
2838,process,null,1620951926.977,Process_Create,25556,process,null
2838,process,null,1620951926.977,Process_Create,3813,process,null
2838,process,null,1620951926.977,Process_Create,2674,process,null
2838,process,null,1620951926.977,Process_Create,2669,process,null
2838,process,null,1620951926.977,Process_Create,4376,process,null
2838,process,null,1620951926.977,Process_Create,2668,process,null
2838,process,null,1620951926.977,Process_Create,3100,process,null
2839,process,null,1620974684.72,Process_Create,2676,process,null
2839,process,null,1620974684.72,Process_Create,2840,process,null
2839,process,null,1620974684.72,Process_Create,6560,process,null
2840,process,null,1620974684.732,Process_Create,2686,process,null
2840,process,null,1620974684.732,Process_Create,2679,process,null
2840,process,null,1620974684.732,Process_Create,2692,process,null
2840,process,null,1620974684.732,Process_Create,3102,process,null
2840,process,null,1620974684.732,Process_Create,25557,process,null
2840,process,null,1620974684.732,Process_Create,3829,process,null
2840,process,null,1620974684.732,Process_Create,2689,process,null
2840,process,null,1620974684.732,Process_Create,26221,process,null
2840,process,null,1620974684.732,Process_Create,2683,process,null
2840,process,null,1620974684.732,Process_Create,3833,process,null
2840,process,null,1620974684.732,Process_Create,2685,process,null
2840,process,null,1620974684.732,Process_Create,3828,process,null
2840,process,null,1620974684.732,Process_Create,7391,process,null
2840,process,null,1620974684.732,Process_Create,26241,process,null
2840,process,null,1620974684.732,Process_Create,26220,process,null
2840,process,null,1620974684.732,Process_Create,2680,process,null
2840,process,null,1620974684.732,Process_Create,26219,process,null
2840,process,null,1620974684.732,Process_Create,2677,process,null
2840,process,null,1620974684.732,Process_Create,2688,process,null
2840,process,null,1620974684.732,Process_Create,2682,process,null
2840,process,null,1620974684.732,Process_Create,2684,process,null
2840,process,null,1620974684.732,Process_Create,2681,process,null
2840,process,null,1620974684.732,Process_Create,2678,process,null
2840,process,null,1620974684.732,Process_Create,2687,process,null
2840,process,null,1620974684.732,Process_Create,2731,process,null
2840,process,null,1620974684.732,Process_Create,25808,process,null
2840,process,null,1620974684.732,Process_Create,6375,process,null
2840,process,null,1620974684.732,Process_Create,3831,process,null
2840,process,null,1620974684.732,Process_Create,2690,process,null
2840,process,null,1620974684.732,Process_Create,2691,process,null
2840,process,null,1620974684.732,Process_Create,4351,process,null
2841,process,null,1620991755.804,Process_Create,2693,process,null
2841,process,null,1620991755.804,Process_Create,2842,process,null
2841,process,null,1620991755.804,Process_Create,6561,process,null
2842,process,null,1620991755.884,Process_Create,3840,process,null
2842,process,null,1620991755.884,Process_Create,2700,process,null
2842,process,null,1620991755.884,Process_Create,3836,process,null
2842,process,null,1620991755.884,Process_Create,2701,process,null
2842,process,null,1620991755.884,Process_Create,2699,process,null
2842,process,null,1620991755.884,Process_Create,2697,process,null
2842,process,null,1620991755.884,Process_Create,6630,process,null
2842,process,null,1620991755.884,Process_Create,2694,process,null
2842,process,null,1620991755.884,Process_Create,2702,process,null
2842,process,null,1620991755.884,Process_Create,3838,process,null
2842,process,null,1620991755.884,Process_Create,26223,process,null
2842,process,null,1620991755.884,Process_Create,25815,process,null
2842,process,null,1620991755.884,Process_Create,3103,process,null
2842,process,null,1620991755.884,Process_Create,2732,process,null
2842,process,null,1620991755.884,Process_Create,26222,process,null
2842,process,null,1620991755.884,Process_Create,3842,process,null
2842,process,null,1620991755.884,Process_Create,26224,process,null
2842,process,null,1620991755.884,Process_Create,2696,process,null
2842,process,null,1620991755.884,Process_Create,2695,process,null
2842,process,null,1620991755.884,Process_Create,3835,process,null
2842,process,null,1620991755.884,Process_Create,4377,process,null
2842,process,null,1620991755.884,Process_Create,2698,process,null
2843,process,null,1620887101.851,Process_Create,2454,process,null
2843,process,null,1620887101.851,Process_Create,2451,process,null
2843,process,null,1620887101.851,Process_Create,26128,process,null
2843,process,null,1620887101.851,Process_Create,2453,process,null
2843,process,null,1620887101.851,Process_Create,8890,process,null
2843,process,null,1620887101.851,Process_Create,2455,process,null
2843,process,null,1620887101.851,Process_Create,26126,process,null
2843,process,null,1620887101.851,Process_Create,26127,process,null
2843,process,null,1620887101.851,Process_Create,2452,process,null
2843,process,null,1620887101.851,Process_Create,2708,process,null
2843,process,null,1620887101.851,Process_Create,2707,process,null
2843,process,null,1620887101.851,Process_Create,26129,process,null
2843,process,null,1620887101.851,Process_Create,8339,process,null
2843,process,null,1620887101.851,Process_Create,2426,process,null
2843,process,null,1620887101.851,Process_Create,2457,process,null
2843,process,null,1620887101.851,Process_Create,2425,process,null
2843,process,null,1620887101.851,Process_Create,26131,process,null
2843,process,null,1620887101.851,Process_Create,2429,process,null
2843,process,null,1620887101.851,Process_Create,11561,process,null
2843,process,null,1620887101.851,Process_Create,3844,process,null
2843,process,null,1620887101.851,Process_Create,2428,process,null
2843,process,null,1620887101.851,Process_Create,2431,process,null
2843,process,null,1620887101.851,Process_Create,2424,process,null
2843,process,null,1620887101.851,Process_Create,2808,process,null
2843,process,null,1620887101.851,Process_Create,25530,process,null
2843,process,null,1620887101.851,Process_Create,3678,process,null
2843,process,null,1620887101.851,Process_Create,3107,process,null
2843,process,null,1620887101.851,Process_Create,2456,process,null
2843,process,null,1620887101.851,Process_Create,2423,process,null
2843,process,null,1620887101.851,Process_Create,25713,process,null
2843,process,null,1620887101.851,Process_Create,3058,process,null
2843,process,null,1620887101.851,Process_Create,26132,process,null
2843,process,null,1620887101.851,Process_Create,25531,process,null
2843,process,null,1620887101.851,Process_Create,2427,process,null
2843,process,null,1620887101.851,Process_Create,2430,process,null
2844,process,null,1620973501.198,Process_Create,26154,process,null
2844,process,null,1620973501.198,Process_Create,25738,process,null
2844,process,null,1620973501.198,Process_Create,2459,process,null
2844,process,null,1620973501.198,Process_Create,2458,process,null
2844,process,null,1620973501.198,Process_Create,3065,process,null
2844,process,null,1620973501.198,Process_Create,26153,process,null
2844,process,null,1620973501.198,Process_Create,2462,process,null
2844,process,null,1620973501.198,Process_Create,2503,process,null
2844,process,null,1620973501.198,Process_Create,26139,process,null
2844,process,null,1620973501.198,Process_Create,2466,process,null
2844,process,null,1620973501.198,Process_Create,2506,process,null
2844,process,null,1620973501.198,Process_Create,26138,process,null
2844,process,null,1620973501.198,Process_Create,2461,process,null
2844,process,null,1620973501.198,Process_Create,2465,process,null
2844,process,null,1620973501.198,Process_Create,2507,process,null
2844,process,null,1620973501.198,Process_Create,25537,process,null
2844,process,null,1620973501.198,Process_Create,2711,process,null
2844,process,null,1620973501.198,Process_Create,2505,process,null
2844,process,null,1620973501.198,Process_Create,2463,process,null
2844,process,null,1620973501.198,Process_Create,26140,process,null
2844,process,null,1620973501.198,Process_Create,3718,process,null
2844,process,null,1620973501.198,Process_Create,8372,process,null
2844,process,null,1620973501.198,Process_Create,2460,process,null
2844,process,null,1620973501.198,Process_Create,3693,process,null
2844,process,null,1620973501.198,Process_Create,2504,process,null
2844,process,null,1620973501.198,Process_Create,2809,process,null
2844,process,null,1620973501.198,Process_Create,2509,process,null
2844,process,null,1620973501.198,Process_Create,2464,process,null
2844,process,null,1620973501.198,Process_Create,25538,process,null
2844,process,null,1620973501.198,Process_Create,2710,process,null
2844,process,null,1620973501.198,Process_Create,3720,process,null
2844,process,null,1620973501.198,Process_Create,3845,process,null
2844,process,null,1620973501.198,Process_Create,26141,process,null
2844,process,null,1620973501.198,Process_Create,2508,process,null
2844,process,null,1620973501.198,Process_Create,11562,process,null
2844,process,null,1620973501.198,Process_Create,3690,process,null
2844,process,null,1620973501.198,Process_Create,3691,process,null
2845,process,null,1621059901.111,Process_Create,26166,process,null
2845,process,null,1621059901.111,Process_Create,2533,process,null
2845,process,null,1621059901.111,Process_Create,2557,process,null
2845,process,null,1621059901.111,Process_Create,2532,process,null
2845,process,null,1621059901.111,Process_Create,3076,process,null
2845,process,null,1621059901.111,Process_Create,2558,process,null
2845,process,null,1621059901.111,Process_Create,26173,process,null
2845,process,null,1621059901.111,Process_Create,3738,process,null
2845,process,null,1621059901.111,Process_Create,2810,process,null
2845,process,null,1621059901.111,Process_Create,2535,process,null
2845,process,null,1621059901.111,Process_Create,3753,process,null
2845,process,null,1621059901.111,Process_Create,26165,process,null
2845,process,null,1621059901.111,Process_Create,25759,process,null
2845,process,null,1621059901.111,Process_Create,2529,process,null
2845,process,null,1621059901.111,Process_Create,2528,process,null
2845,process,null,1621059901.111,Process_Create,2555,process,null
2845,process,null,1621059901.111,Process_Create,25544,process,null
2845,process,null,1621059901.111,Process_Create,3846,process,null
2845,process,null,1621059901.111,Process_Create,3740,process,null
2845,process,null,1621059901.111,Process_Create,2716,process,null
2845,process,null,1621059901.111,Process_Create,8406,process,null
2845,process,null,1621059901.111,Process_Create,2530,process,null
2845,process,null,1621059901.111,Process_Create,2531,process,null
2845,process,null,1621059901.111,Process_Create,2534,process,null
2845,process,null,1621059901.111,Process_Create,2559,process,null
2845,process,null,1621059901.111,Process_Create,25543,process,null
2845,process,null,1621059901.111,Process_Create,11563,process,null
2845,process,null,1621059901.111,Process_Create,2717,process,null
2845,process,null,1621059901.111,Process_Create,3751,process,null
2845,process,null,1621059901.111,Process_Create,2560,process,null
2845,process,null,1621059901.111,Process_Create,2527,process,null
2845,process,null,1621059901.111,Process_Create,2556,process,null
2845,process,null,1621059901.111,Process_Create,26167,process,null
2845,process,null,1621059901.111,Process_Create,3737,process,null
2845,process,null,1621059901.111,Process_Create,26172,process,null
2845,process,null,1621059901.111,Process_Create,26164,process,null
2845,process,null,1621059901.111,Process_Create,2561,process,null
2846,process,null,1621146301.929,Process_Create,2584,process,null
2846,process,null,1621146301.929,Process_Create,11564,process,null
2846,process,null,1621146301.929,Process_Create,2619,process,null
2846,process,null,1621146301.929,Process_Create,26184,process,null
2846,process,null,1621146301.929,Process_Create,2585,process,null
2846,process,null,1621146301.929,Process_Create,2617,process,null
2846,process,null,1621146301.929,Process_Create,2587,process,null
2846,process,null,1621146301.929,Process_Create,3782,process,null
2846,process,null,1621146301.929,Process_Create,3784,process,null
2846,process,null,1621146301.929,Process_Create,2722,process,null
2846,process,null,1621146301.929,Process_Create,2811,process,null
2846,process,null,1621146301.929,Process_Create,2581,process,null
2846,process,null,1621146301.929,Process_Create,25773,process,null
2846,process,null,1621146301.929,Process_Create,8440,process,null
2846,process,null,1621146301.929,Process_Create,2586,process,null
2846,process,null,1621146301.929,Process_Create,26183,process,null
2846,process,null,1621146301.929,Process_Create,2579,process,null
2846,process,null,1621146301.929,Process_Create,2580,process,null
2846,process,null,1621146301.929,Process_Create,2618,process,null
2846,process,null,1621146301.929,Process_Create,3769,process,null
2846,process,null,1621146301.929,Process_Create,3768,process,null
2846,process,null,1621146301.929,Process_Create,2582,process,null
2846,process,null,1621146301.929,Process_Create,2620,process,null
2846,process,null,1621146301.929,Process_Create,3085,process,null
2846,process,null,1621146301.929,Process_Create,3847,process,null
2846,process,null,1621146301.929,Process_Create,25547,process,null
2846,process,null,1621146301.929,Process_Create,2721,process,null
2846,process,null,1621146301.929,Process_Create,2623,process,null
2846,process,null,1621146301.929,Process_Create,26191,process,null
2846,process,null,1621146301.929,Process_Create,2622,process,null
2846,process,null,1621146301.929,Process_Create,2621,process,null
2846,process,null,1621146301.929,Process_Create,26190,process,null
2846,process,null,1621146301.929,Process_Create,26185,process,null
2846,process,null,1621146301.929,Process_Create,25549,process,null
2846,process,null,1621146301.929,Process_Create,3771,process,null
2846,process,null,1621146301.929,Process_Create,26182,process,null
2846,process,null,1621146301.929,Process_Create,2583,process,null
2847,process,null,1621232701.948,Process_Create,2627,process,null
2847,process,null,1621232701.948,Process_Create,3848,process,null
2847,process,null,1621232701.948,Process_Create,25787,process,null
2847,process,null,1621232701.948,Process_Create,3802,process,null
2847,process,null,1621232701.948,Process_Create,3800,process,null
2847,process,null,1621232701.948,Process_Create,26197,process,null
2847,process,null,1621232701.948,Process_Create,3093,process,null
2847,process,null,1621232701.948,Process_Create,2632,process,null
2847,process,null,1621232701.948,Process_Create,26200,process,null
2847,process,null,1621232701.948,Process_Create,2648,process,null
2847,process,null,1621232701.948,Process_Create,2628,process,null
2847,process,null,1621232701.948,Process_Create,2647,process,null
2847,process,null,1621232701.948,Process_Create,26202,process,null
2847,process,null,1621232701.948,Process_Create,25552,process,null
2847,process,null,1621232701.948,Process_Create,26199,process,null
2847,process,null,1621232701.948,Process_Create,25553,process,null
2847,process,null,1621232701.948,Process_Create,2625,process,null
2847,process,null,1621232701.948,Process_Create,2645,process,null
2847,process,null,1621232701.948,Process_Create,26203,process,null
2847,process,null,1621232701.948,Process_Create,2624,process,null
2847,process,null,1621232701.948,Process_Create,2644,process,null
2847,process,null,1621232701.948,Process_Create,2630,process,null
2847,process,null,1621232701.948,Process_Create,3795,process,null
2847,process,null,1621232701.948,Process_Create,2642,process,null
2847,process,null,1621232701.948,Process_Create,2629,process,null
2847,process,null,1621232701.948,Process_Create,26198,process,null
2847,process,null,1621232701.948,Process_Create,2726,process,null
2847,process,null,1621232701.948,Process_Create,2643,process,null
2847,process,null,1621232701.948,Process_Create,7568,process,null
2847,process,null,1621232701.948,Process_Create,2812,process,null
2847,process,null,1621232701.948,Process_Create,8446,process,null
2847,process,null,1621232701.948,Process_Create,2631,process,null
2847,process,null,1621232701.948,Process_Create,3796,process,null
2847,process,null,1621232701.948,Process_Create,2646,process,null
2847,process,null,1621232701.948,Process_Create,3798,process,null
2847,process,null,1621232701.948,Process_Create,2727,process,null
2847,process,null,1621232701.948,Process_Create,2626,process,null
2847,process,null,1621232701.948,Process_Create,11566,process,null
2862,process,null,1621253324.167,Process_Create,26206,process,null
2863,process,null,1621253401.724,Process_Create,26209,process,null
2897,process,null,1620859690.365,Process_Create,7571,process,null
2897,process,null,1620859690.365,Process_Create,8598,process,null
2897,process,null,1620859690.365,Process_Create,3021,process,null
2904,process,attack,1621257810.476,Process_Create,7386,process,attack
2904,process,attack,1621257810.476,Process_Create,7353,process,attack
2904,process,attack,1621257810.476,Process_Create,7352,process,attack
2904,process,attack,1621257810.476,Process_Create,2977,process,attack
2904,process,attack,1621257810.476,Process_Create,7415,process,attack
2904,process,attack,1621257810.476,Process_Create,3854,process,attack
2904,process,attack,1621257810.476,Process_Create,6631,process,attack
2904,process,attack,1621257810.476,Process_Create,7354,process,attack
2915,process,null,1621045801.281,open,26563,file,null
2916,process,null,1621045801.285,open,26564,file,null
2917,process,null,1621045805.565,open,26563,file,null
2918,process,null,1621045805.569,open,26564,file,null
2919,process,null,1621059904.132,open,26563,file,null
2920,process,null,1621059904.132,open,26564,file,null
2921,process,null,1621060499.213,open,26563,file,null
2922,process,null,1621060499.213,open,26564,file,null
2923,process,null,1621060502.689,open,26563,file,null
2924,process,null,1621060502.689,open,26564,file,null
2925,process,null,1620856483.333,open,26565,file,null
2926,process,null,1620856483.373,open,26565,file,null
2927,process,null,1620856483.385,open,26565,file,null
2928,process,null,1620856483.413,open,26565,file,null
2929,process,null,1620887103.879,open,26563,file,null
2930,process,null,1620887103.879,open,26564,file,null
2931,process,null,1620887647.49,open,26563,file,null
2932,process,null,1620887647.49,open,26564,file,null
2933,process,null,1620887666.615,open,26563,file,null
2934,process,null,1620887666.615,open,26564,file,null
2935,process,null,1620973501.214,open,26563,file,null
2936,process,null,1620973501.214,open,26564,file,null
2937,process,null,1620974990.715,open,26563,file,null
2938,process,null,1620974990.719,open,26564,file,null
2939,process,null,1621146302.362,open,26563,file,null
2940,process,null,1621146302.406,open,26564,file,null
2941,process,null,1621146951.263,open,26563,file,null
2942,process,null,1621146951.267,open,26564,file,null
2943,process,null,1621146956.34,open,26563,file,null
2944,process,null,1621146956.344,open,26564,file,null
2945,process,null,1621159714.605,open,26563,file,null
2946,process,null,1621159714.609,open,26564,file,null
2947,process,null,1621159718.089,open,26563,file,null
2948,process,null,1621159718.089,open,26564,file,null
2949,process,null,1620974999.647,open,26563,file,null
2950,process,null,1620974999.651,open,26564,file,null
2951,process,null,1620887100.504,open,26563,file,null
2952,process,null,1620887100.508,open,26564,file,null
2953,process,null,1620887103.86,open,26563,file,null
2954,process,null,1620887103.86,open,26564,file,null
2955,process,null,1620887108.596,open,26563,file,null
2956,process,null,1620887108.596,open,26564,file,null
2957,process,null,1621059901.127,open,26563,file,null
2958,process,null,1621059901.131,open,26564,file,null
2959,process,null,1621060371.662,open,26563,file,null
2960,process,null,1621060371.662,open,26564,file,null
2961,process,null,1621217305.775,open,26563,file,null
2962,process,null,1621217305.775,open,26564,file,null
2963,process,null,1621217309.159,open,26563,file,null
2964,process,null,1621217309.159,open,26564,file,null
2965,process,null,1621060380.474,open,26563,file,null
2966,process,null,1621060380.474,open,26564,file,null
2967,process,null,1621231569.849,open,26563,file,null
2968,process,null,1621231569.853,open,26564,file,null
2969,process,null,1621231573.097,open,26563,file,null
2970,process,null,1621231573.097,open,26564,file,null
2971,process,null,1621232701.629,open,26563,file,null
2972,process,null,1621232701.633,open,26564,file,null
2973,process,null,1621146301.941,open,26563,file,null
2974,process,null,1621146301.945,open,26564,file,null
2975,process,null,1621147914.368,open,26563,file,null
2976,process,null,1621147914.368,open,26564,file,null
2977,process,attack,1621257822.924,open,2131,file,attack
2979,process,null,1620896323.384,open,26563,file,null
2980,process,null,1620896323.388,open,26564,file,null
2981,process,null,1620896326.996,open,26563,file,null
2982,process,null,1620896327.0,open,26564,file,null
2985,process,null,1621232701.968,open,26563,file,null
2986,process,null,1621232701.972,open,26564,file,null
2987,process,null,1621233258.484,open,26563,file,null
2988,process,null,1621233258.484,open,26564,file,null
2989,process,null,1621233268.992,open,26563,file,null
2990,process,null,1621233268.996,open,26564,file,null
2991,process,null,1620859691.373,open,26563,file,null
2992,process,null,1620859691.373,open,26564,file,null
2993,process,null,1620859695.009,open,26563,file,null
2994,process,null,1620859695.013,open,26564,file,null
2995,process,null,1620952006.118,open,26563,file,null
2996,process,null,1620952006.118,open,26564,file,null
2997,process,null,1620952010.358,open,26563,file,null
2998,process,null,1620952010.362,open,26564,file,null
2999,process,null,1620973502.211,open,26563,file,null
3000,process,null,1620973502.215,open,26564,file,null
3001,process,null,1620974685.26,open,26563,file,null
3002,process,null,1620974685.26,open,26564,file,null
3003,process,null,1620974688.52,open,26563,file,null
3004,process,null,1620974688.52,open,26564,file,null
3005,process,null,1621147622.221,Process_Create,4041,process,null
3005,process,null,1621147622.221,Process_Create,3009,process,null
3005,process,null,1621147622.221,Process_Create,7398,process,null
3005,process,null,1621147622.221,Process_Create,3006,process,null
3005,process,null,1621147622.221,Process_Create,3007,process,null
3005,process,null,1621147622.221,Process_Create,4042,process,null
3005,process,null,1621147622.221,Process_Create,3008,process,null
3031,process,null,1621030645.8,Process_Create,3032,process,null
3031,process,null,1621030645.8,Process_Create,25636,process,null
3033,process,null,1621063686.022,Process_Create,3034,process,null
3033,process,null,1621063686.022,Process_Create,25645,process,null
3035,process,null,1621084576.468,Process_Create,3036,process,null
3035,process,null,1621084576.468,Process_Create,25651,process,null
3037,process,null,1621149841.517,Process_Create,3038,process,null
3037,process,null,1621149841.517,Process_Create,25657,process,null
3039,process,null,1621199838.58,Process_Create,25664,process,null
3039,process,null,1621199838.58,Process_Create,3040,process,null
3041,process,null,1621221812.946,Process_Create,3042,process,null
3041,process,null,1621221812.946,Process_Create,25670,process,null
3043,process,null,1620923190.199,Process_Create,3044,process,null
3043,process,null,1620923190.199,Process_Create,25678,process,null
3045,process,null,1620978618.471,Process_Create,3046,process,null
3045,process,null,1620978618.471,Process_Create,25685,process,null
3047,process,null,1620867880.773,Process_Create,25690,process,null
3047,process,null,1620867880.773,Process_Create,3048,process,null
3049,process,null,1620856925.872,Process_Create,3052,process,null
3049,process,null,1620856925.872,Process_Create,3053,process,null
3049,process,null,1620856925.872,Process_Create,22066,process,null
3049,process,null,1620856925.872,Process_Create,25646,process,null
3049,process,null,1620856925.872,Process_Create,3050,process,null
3049,process,null,1620856925.872,Process_Create,11084,process,null
3049,process,null,1620856925.872,Process_Create,3051,process,null
3126,process,null,1621059901.636,Process_Create,7355,process,null
3126,process,null,1621059901.636,Process_Create,25819,process,null
3127,process,null,1621146301.786,Process_Create,7356,process,null
3127,process,null,1621146301.786,Process_Create,25820,process,null
3128,process,null,1620887102.472,Process_Create,25821,process,null
3128,process,null,1620887102.472,Process_Create,7357,process,null
3129,process,null,1621232701.249,Process_Create,25822,process,null
3129,process,null,1621232701.249,Process_Create,7358,process,null
3130,process,null,1620973501.999,Process_Create,25823,process,null
3130,process,null,1620973501.999,Process_Create,7359,process,null
3646,process,null,1621045727.028,Process_Create,3647,process,null
3648,process,null,1621045727.032,Process_Create,3649,process,null
3661,process,null,1621060498.861,Process_Create,3662,process,null
3663,process,null,1621060498.865,Process_Create,3664,process,null
3665,process,null,1621060503.041,Process_Create,3666,process,null
3668,process,null,1621060570.01,Process_Create,3669,process,null
3670,process,null,1621060570.014,Process_Create,3671,process,null
3674,process,null,1621060570.214,Process_Create,3675,process,null
3680,process,null,1621112133.711,Process_Create,3681,process,null
3682,process,null,1621112133.715,Process_Create,3683,process,null
3684,process,null,1621112133.991,Process_Create,3685,process,null
3686,process,null,1621112133.995,Process_Create,3687,process,null
3691,process,null,1620974990.719,Process_Create,3692,process,null
3693,process,null,1620974990.723,Process_Create,3694,process,null
3702,process,null,1621146950.839,Process_Create,3703,process,null
3704,process,null,1621146950.843,Process_Create,3705,process,null
3706,process,null,1621146956.816,Process_Create,3707,process,null
3712,process,null,1621159637.052,Process_Create,3713,process,null
3714,process,null,1621159714.409,Process_Create,3715,process,null
3716,process,null,1621159714.413,Process_Create,3717,process,null
3718,process,null,1620974996.135,Process_Create,3719,process,null
3720,process,null,1620974996.135,Process_Create,3721,process,null
3723,process,null,1620887100.304,Process_Create,3724,process,null
3725,process,null,1620887100.308,Process_Create,3726,process,null
3727,process,null,1620887104.148,Process_Create,3728,process,null
3738,process,null,1621060371.666,Process_Create,3739,process,null
3740,process,null,1621060371.666,Process_Create,3741,process,null
3751,process,null,1621060377.014,Process_Create,3752,process,null
3753,process,null,1621060377.018,Process_Create,3754,process,null
3760,process,null,1621231573.517,Process_Create,3761,process,null
3771,process,null,1621147914.372,Process_Create,3772,process,null
3774,process,null,1621261743.739,Process_Create,3775,process,null
3776,process,null,1621261743.743,Process_Create,3777,process,null
3784,process,null,1621147921.004,Process_Create,3786,process,null
3787,process,null,1620896248.123,Process_Create,3788,process,null
3791,process,null,1620896323.164,Process_Create,3792,process,null
3796,process,null,1621233258.488,Process_Create,3797,process,null
3798,process,null,1621233258.488,Process_Create,3799,process,null
3800,process,null,1621233265.848,Process_Create,3801,process,null
3814,process,null,1620951927.437,Process_Create,3815,process,null
3831,process,null,1620974685.068,Process_Create,3832,process,null
3833,process,null,1620974688.804,Process_Create,3834,process,null
3840,process,null,1620991756.612,Process_Create,3841,process,null
3855,process,null,1621147924.36,Process_Create,3856,process,null
3855,process,null,1621147924.36,Process_Create,8799,process,null
3855,process,null,1621147924.36,Process_Create,3857,process,null
3856,process,null,1621147924.364,Process_Create,8800,process,null
3857,process,null,1621147924.364,Process_Create,8802,process,null
3857,process,null,1621147924.364,Process_Create,3858,process,null
3857,process,null,1621147924.364,Process_Create,11565,process,null
3857,process,null,1621147924.364,Process_Create,3859,process,null
3858,process,null,1621147924.368,Process_Create,21964,process,null
3858,process,null,1621147924.368,Process_Create,8803,process,null
3859,process,null,1621147925.376,Process_Create,8553,process,null
3859,process,null,1621147925.376,Process_Create,3019,process,null
3859,process,null,1621147925.376,Process_Create,7419,process,null
3859,process,null,1621147925.376,Process_Create,8804,process,null
3859,process,null,1621147925.376,Process_Create,21979,process,null
3859,process,null,1621147925.376,Process_Create,3025,process,null
3914,process,null,1621059902.128,Process_Create,3104,process,null
3914,process,null,1621059902.128,Process_Create,8887,process,null
3914,process,null,1621059902.128,Process_Create,3105,process,null
3914,process,null,1621059902.128,Process_Create,3106,process,null
3914,process,null,1621059902.128,Process_Create,3055,process,null
3914,process,null,1621059902.128,Process_Create,25520,process,null
3914,process,null,1621059902.128,Process_Create,8889,process,null
3914,process,null,1621059902.128,Process_Create,8888,process,null
3996,process,null,1620887664.723,Process_Create,8891,process,null
3996,process,null,1620887664.723,Process_Create,3060,process,null
3996,process,null,1620887664.723,Process_Create,3108,process,null
4018,process,null,1621146301.934,Process_Create,3114,process,null
4018,process,null,1621146301.934,Process_Create,8892,process,null
4018,process,null,1621146301.934,Process_Create,3115,process,null
4018,process,null,1621146301.934,Process_Create,25521,process,null
4018,process,null,1621146301.934,Process_Create,3113,process,null
4018,process,null,1621146301.934,Process_Create,8893,process,null
4018,process,null,1621146301.934,Process_Create,3066,process,null
4018,process,null,1621146301.934,Process_Create,8894,process,null
4073,process,null,1620974999.227,Process_Create,3069,process,null
4095,process,null,1620887105.124,Process_Create,3117,process,null
4095,process,null,1620887105.124,Process_Create,8895,process,null
4095,process,null,1620887105.124,Process_Create,8898,process,null
4095,process,null,1620887105.124,Process_Create,3075,process,null
4095,process,null,1620887105.124,Process_Create,8896,process,null
4095,process,null,1620887105.124,Process_Create,3118,process,null
4095,process,null,1620887105.124,Process_Create,25522,process,null
4095,process,null,1620887105.124,Process_Create,3116,process,null
4095,process,null,1620887105.124,Process_Create,8897,process,null
4149,process,null,1621060380.23,Process_Create,3078,process,null
4171,process,null,1621232701.337,Process_Create,8900,process,null
4171,process,null,1621232701.337,Process_Create,3119,process,null
4171,process,null,1621232701.337,Process_Create,3084,process,null
4171,process,null,1621232701.337,Process_Create,3121,process,null
4171,process,null,1621232701.337,Process_Create,8899,process,null
4171,process,null,1621232701.337,Process_Create,25523,process,null
4171,process,null,1621232701.337,Process_Create,3120,process,null
4171,process,null,1621232701.337,Process_Create,8901,process,null
4235,process,null,1621147924.128,Process_Create,3088,process,null
4270,process,null,1621233268.9,Process_Create,3094,process,null
4310,process,null,1620973502.067,Process_Create,3101,process,null
4310,process,null,1620973502.067,Process_Create,3123,process,null
4310,process,null,1620973502.067,Process_Create,25524,process,null
4310,process,null,1620973502.067,Process_Create,8903,process,null
4310,process,null,1620973502.067,Process_Create,3125,process,null
4310,process,null,1620973502.067,Process_Create,3124,process,null
4310,process,null,1620973502.067,Process_Create,8905,process,null
4310,process,null,1620973502.067,Process_Create,8904,process,null
4367,process,null,1621159714.205,Process_Create,25730,process,null
4367,process,null,1621159714.205,Process_Create,25729,process,null
4367,process,null,1621159714.205,Process_Create,25728,process,null
4367,process,null,1621159714.205,Process_Create,7399,process,null
4369,process,null,1621261743.755,Process_Create,25772,process,null
4369,process,null,1621261743.755,Process_Create,7402,process,null
4369,process,null,1621261743.755,Process_Create,25771,process,null
4369,process,null,1621261743.755,Process_Create,25770,process,null
4561,process,null,1620859140.149,Process_Create,10239,process,null
5502,process,null,1620887102.012,Process_Create,5504,process,null
5502,process,null,1620887102.012,Process_Create,8579,process,null
5502,process,null,1620887102.012,Process_Create,8578,process,null
5502,process,null,1620887102.012,Process_Create,5503,process,null
6538,process,null,1621059904.252,Process_Create,7322,process,null
6538,process,null,1621059904.252,Process_Create,25830,process,null
6538,process,null,1621059904.252,Process_Create,7537,process,null
6542,process,null,1620887666.655,Process_Create,25832,process,null
6542,process,null,1620887666.655,Process_Create,25866,process,null
6542,process,null,1620887666.655,Process_Create,25890,process,null
6542,process,null,1620887666.655,Process_Create,25850,process,null
6542,process,null,1620887666.655,Process_Create,25876,process,null
6542,process,null,1620887666.655,Process_Create,25870,process,null
6542,process,null,1620887666.655,Process_Create,25881,process,null
6542,process,null,1620887666.655,Process_Create,25889,process,null
6542,process,null,1620887666.655,Process_Create,25858,process,null
6542,process,null,1620887666.655,Process_Create,25861,process,null
6542,process,null,1620887666.655,Process_Create,25873,process,null
6542,process,null,1620887666.655,Process_Create,25843,process,null
6542,process,null,1620887666.655,Process_Create,25885,process,null
6542,process,null,1620887666.655,Process_Create,25863,process,null
6542,process,null,1620887666.655,Process_Create,25860,process,null
6542,process,null,1620887666.655,Process_Create,25868,process,null
6542,process,null,1620887666.655,Process_Create,25857,process,null
6542,process,null,1620887666.655,Process_Create,25834,process,null
6542,process,null,1620887666.655,Process_Create,25849,process,null
6542,process,null,1620887666.655,Process_Create,25846,process,null
6542,process,null,1620887666.655,Process_Create,25878,process,null
6542,process,null,1620887666.655,Process_Create,25851,process,null
6542,process,null,1620887666.655,Process_Create,25847,process,null
6542,process,null,1620887666.655,Process_Create,25848,process,null
6542,process,null,1620887666.655,Process_Create,25867,process,null
6542,process,null,1620887666.655,Process_Create,7324,process,null
6542,process,null,1620887666.655,Process_Create,25883,process,null
6542,process,null,1620887666.655,Process_Create,25839,process,null
6542,process,null,1620887666.655,Process_Create,25855,process,null
6542,process,null,1620887666.655,Process_Create,25887,process,null
6542,process,null,1620887666.655,Process_Create,25831,process,null
6542,process,null,1620887666.655,Process_Create,25864,process,null
6542,process,null,1620887666.655,Process_Create,25840,process,null
6542,process,null,1620887666.655,Process_Create,25877,process,null
6542,process,null,1620887666.655,Process_Create,25845,process,null
6542,process,null,1620887666.655,Process_Create,25844,process,null
6542,process,null,1620887666.655,Process_Create,25891,process,null
6542,process,null,1620887666.655,Process_Create,25836,process,null
6542,process,null,1620887666.655,Process_Create,25842,process,null
6542,process,null,1620887666.655,Process_Create,25859,process,null
6542,process,null,1620887666.655,Process_Create,25879,process,null
6542,process,null,1620887666.655,Process_Create,25886,process,null
6542,process,null,1620887666.655,Process_Create,25869,process,null
6542,process,null,1620887666.655,Process_Create,25872,process,null
6542,process,null,1620887666.655,Process_Create,25854,process,null
6542,process,null,1620887666.655,Process_Create,25837,process,null
6542,process,null,1620887666.655,Process_Create,25880,process,null
6542,process,null,1620887666.655,Process_Create,25862,process,null
6542,process,null,1620887666.655,Process_Create,25888,process,null
6542,process,null,1620887666.655,Process_Create,25884,process,null
6542,process,null,1620887666.655,Process_Create,25865,process,null
6542,process,null,1620887666.655,Process_Create,25892,process,null
6542,process,null,1620887666.655,Process_Create,25853,process,null
6542,process,null,1620887666.655,Process_Create,25874,process,null
6542,process,null,1620887666.655,Process_Create,25856,process,null
6542,process,null,1620887666.655,Process_Create,25835,process,null
6542,process,null,1620887666.655,Process_Create,25841,process,null
6542,process,null,1620887666.655,Process_Create,25871,process,null
6542,process,null,1620887666.655,Process_Create,25833,process,null
6542,process,null,1620887666.655,Process_Create,25852,process,null
6542,process,null,1620887666.655,Process_Create,25838,process,null
6542,process,null,1620887666.655,Process_Create,25882,process,null
6542,process,null,1620887666.655,Process_Create,25875,process,null
6543,process,null,1621146302.414,Process_Create,7326,process,null
6543,process,null,1621146302.414,Process_Create,25893,process,null
6543,process,null,1621146302.414,Process_Create,7538,process,null
6546,process,null,1620974999.651,Process_Create,7328,process,null
6546,process,null,1620974999.651,Process_Create,25894,process,null
6548,process,null,1620887108.62,Process_Create,7539,process,null
6548,process,null,1620887108.62,Process_Create,7330,process,null
6548,process,null,1620887108.62,Process_Create,25946,process,null
6550,process,null,1621060380.478,Process_Create,25947,process,null
6550,process,null,1621060380.478,Process_Create,7332,process,null
6552,process,null,1621232701.661,Process_Create,7334,process,null
6552,process,null,1621232701.661,Process_Create,25999,process,null
6552,process,null,1621232701.661,Process_Create,7540,process,null
6555,process,null,1621147925.496,Process_Create,7336,process,null
6555,process,null,1621147925.496,Process_Create,26000,process,null
6556,process,null,1621233268.996,Process_Create,7338,process,null
6556,process,null,1621233268.996,Process_Create,26052,process,null
6559,process,null,1620973502.219,Process_Create,26104,process,null
6559,process,null,1620973502.219,Process_Create,7340,process,null
6559,process,null,1620973502.219,Process_Create,7541,process,null
6562,process,null,1621147622.084,Process_Create,6565,process,null
6562,process,null,1621147622.084,Process_Create,8555,process,null
6772,process,null,1620887649.074,ssh_connection,1671,connection,null
6773,process,null,1620887649.118,ssh_connection,1821,connection,null
6774,process,null,1620887649.122,ssh_connection,578,connection,null
6775,process,null,1620887649.118,ssh_connection,383,connection,null
6776,process,null,1620887649.126,ssh_connection,1118,connection,null
6777,process,null,1620887649.126,ssh_connection,354,connection,null
6778,process,null,1620887649.126,ssh_connection,1339,connection,null
6779,process,null,1620887649.130,ssh_connection,1786,connection,null
6780,process,null,1620887649.130,ssh_connection,1832,connection,null
6781,process,null,1620887649.130,ssh_connection,1184,connection,null
6782,process,null,1620887649.138,ssh_connection,1274,connection,null
6783,process,null,1620887649.134,ssh_connection,705,connection,null
6784,process,null,1620887649.134,ssh_connection,826,connection,null
6785,process,null,1620887649.138,ssh_connection,1646,connection,null
6786,process,null,1620887649.142,ssh_connection,713,connection,null
6787,process,null,1620887649.138,ssh_connection,2091,connection,null
6788,process,null,1620887649.146,ssh_connection,1492,connection,null
6789,process,null,1620887649.146,ssh_connection,928,connection,null
6790,process,null,1620887649.146,ssh_connection,1949,connection,null
6791,process,null,1620887649.150,ssh_connection,633,connection,null
6792,process,null,1620887649.150,ssh_connection,1718,connection,null
6793,process,null,1620887649.150,ssh_connection,1872,connection,null
6794,process,null,1620887649.154,ssh_connection,229,connection,null
6795,process,null,1620887649.154,ssh_connection,336,connection,null
6796,process,null,1620887649.154,ssh_connection,1494,connection,null
6797,process,null,1620887649.158,ssh_connection,1385,connection,null
6798,process,null,1620887649.158,ssh_connection,1921,connection,null
6799,process,null,1620887649.158,ssh_connection,79,connection,null
6800,process,null,1620887649.166,ssh_connection,1125,connection,null
6801,process,null,1620887649.162,ssh_connection,1396,connection,null
6802,process,null,1620887649.162,ssh_connection,894,connection,null
6803,process,null,1620887649.170,ssh_connection,796,connection,null
6804,process,null,1620887649.170,ssh_connection,1030,connection,null
6805,process,null,1620887649.170,ssh_connection,135,connection,null
6806,process,null,1620887649.174,ssh_connection,573,connection,null
6807,process,null,1620887649.174,ssh_connection,1098,connection,null
6808,process,null,1620887649.174,ssh_connection,317,connection,null
6809,process,null,1620887649.178,ssh_connection,700,connection,null
6810,process,null,1620887649.178,ssh_connection,1228,connection,null
6811,process,null,1620887649.178,ssh_connection,1503,connection,null
6812,process,null,1620887649.182,ssh_connection,2047,connection,null
6813,process,null,1620887649.182,ssh_connection,132,connection,null
6814,process,null,1620887649.182,ssh_connection,642,connection,null
6815,process,null,1620887649.186,ssh_connection,1489,connection,null
6816,process,null,1620887649.186,ssh_connection,814,connection,null
6817,process,null,1620887649.186,ssh_connection,523,connection,null
6818,process,null,1620887649.190,ssh_connection,49,connection,null
6819,process,null,1620887649.190,ssh_connection,601,connection,null
6820,process,null,1620887649.190,ssh_connection,240,connection,null
6821,process,null,1620887649.194,ssh_connection,68,connection,null
6822,process,null,1620887649.194,ssh_connection,1651,connection,null
6823,process,null,1620887649.194,ssh_connection,2001,connection,null
6824,process,null,1620887649.198,ssh_connection,1736,connection,null
6825,process,null,1620887649.198,ssh_connection,33,connection,null
6826,process,null,1620887649.202,ssh_connection,688,connection,null
6827,process,null,1620887649.202,ssh_connection,1379,connection,null
6828,process,null,1620887649.202,ssh_connection,1414,connection,null
6829,process,null,1620887649.206,ssh_connection,925,connection,null
6830,process,null,1620887649.206,ssh_connection,19,connection,null
6831,process,null,1620887649.210,ssh_connection,1145,connection,null
6832,process,null,1620887649.210,ssh_connection,1207,connection,null
6833,process,null,1620887649.214,ssh_connection,318,connection,null
6834,process,null,1620887649.214,ssh_connection,1698,connection,null
6835,process,null,1620887649.218,ssh_connection,595,connection,null
6836,process,null,1620887649.218,ssh_connection,1981,connection,null
6837,process,null,1620887649.222,ssh_connection,510,connection,null
6838,process,null,1620887649.222,ssh_connection,768,connection,null
6839,process,null,1620887649.226,ssh_connection,1834,connection,null
6840,process,null,1620887649.230,ssh_connection,501,connection,null
6841,process,null,1620887649.230,ssh_connection,881,connection,null
6842,process,null,1620887649.234,ssh_connection,32,connection,null
6843,process,null,1620887649.234,ssh_connection,985,connection,null
6844,process,null,1620887649.238,ssh_connection,1901,connection,null
6845,process,null,1620887649.238,ssh_connection,1170,connection,null
6846,process,null,1620887649.242,ssh_connection,913,connection,null
6847,process,null,1620887649.242,ssh_connection,956,connection,null
6848,process,null,1620887649.246,ssh_connection,277,connection,null
6849,process,null,1620887649.246,ssh_connection,1361,connection,null
6850,process,null,1620887649.250,ssh_connection,488,connection,null
6851,process,null,1620887649.254,ssh_connection,1167,connection,null
6852,process,null,1620887649.254,ssh_connection,1129,connection,null
6853,process,null,1620887649.258,ssh_connection,558,connection,null
6854,process,null,1620887649.262,ssh_connection,798,connection,null
6855,process,null,1620887649.266,ssh_connection,1963,connection,null
6856,process,null,1620887649.274,ssh_connection,1007,connection,null
6857,process,null,1620887649.278,ssh_connection,1971,connection,null
6858,process,null,1620887649.282,ssh_connection,1746,connection,null
6859,process,null,1620887649.286,ssh_connection,1567,connection,null
6860,process,null,1620887649.290,ssh_connection,426,connection,null
6861,process,null,1620887649.294,ssh_connection,1071,connection,null
6862,process,null,1620887649.298,ssh_connection,1156,connection,null
6863,process,null,1620887649.302,ssh_connection,1900,connection,null
6864,process,null,1620887649.306,ssh_connection,1631,connection,null
6865,process,null,1620887649.310,ssh_connection,1485,connection,null
6866,process,null,1620887649.314,ssh_connection,815,connection,null
6867,process,null,1620887649.318,ssh_connection,443,connection,null
6868,process,null,1620887649.322,ssh_connection,1429,connection,null
6869,process,null,1620887649.326,ssh_connection,1094,connection,null
6870,process,null,1620887649.330,ssh_connection,1469,connection,null
6871,process,null,1620887649.338,ssh_connection,773,connection,null
6876,process,null,1620974990.799,ssh_connection,1417,connection,null
6877,process,null,1620974990.799,ssh_connection,48,connection,null
6878,process,null,1620974990.799,ssh_connection,1338,connection,null
6879,process,null,1620974990.807,ssh_connection,370,connection,null
6880,process,null,1620974990.807,ssh_connection,790,connection,null
6881,process,null,1620974990.807,ssh_connection,430,connection,null
6882,process,null,1620974990.811,ssh_connection,165,connection,null
6883,process,null,1620974990.811,ssh_connection,1490,connection,null
6884,process,null,1620974990.811,ssh_connection,1859,connection,null
6885,process,null,1620974990.815,ssh_connection,1317,connection,null
6886,process,null,1620974990.815,ssh_connection,1996,connection,null
6887,process,null,1620974990.819,ssh_connection,676,connection,null
6888,process,null,1620974990.819,ssh_connection,110,connection,null
6889,process,null,1620974990.819,ssh_connection,540,connection,null
6890,process,null,1620974990.823,ssh_connection,1764,connection,null
6891,process,null,1620974990.823,ssh_connection,1685,connection,null
6892,process,null,1620974990.827,ssh_connection,877,connection,null
6893,process,null,1620974990.827,ssh_connection,404,connection,null
6894,process,null,1620974990.827,ssh_connection,514,connection,null
6895,process,null,1620974990.831,ssh_connection,1242,connection,null
6896,process,null,1620974990.831,ssh_connection,2032,connection,null
6897,process,null,1620974990.831,ssh_connection,556,connection,null
6898,process,null,1620974990.835,ssh_connection,1407,connection,null
6899,process,null,1620974990.835,ssh_connection,478,connection,null
6900,process,null,1620974990.835,ssh_connection,469,connection,null
6901,process,null,1620974990.839,ssh_connection,802,connection,null
6902,process,null,1620974990.839,ssh_connection,2033,connection,null
6903,process,null,1620974990.843,ssh_connection,96,connection,null
6904,process,null,1620974990.843,ssh_connection,1740,connection,null
6905,process,null,1620974990.843,ssh_connection,1049,connection,null
6906,process,null,1620974990.847,ssh_connection,547,connection,null
6907,process,null,1620974990.847,ssh_connection,1259,connection,null
6908,process,null,1620974990.847,ssh_connection,856,connection,null
6909,process,null,1620974990.851,ssh_connection,806,connection,null
6910,process,null,1620974990.851,ssh_connection,176,connection,null
6911,process,null,1620974990.851,ssh_connection,1922,connection,null
6912,process,null,1620974990.855,ssh_connection,1084,connection,null
6913,process,null,1620974990.855,ssh_connection,993,connection,null
6914,process,null,1620974990.855,ssh_connection,140,connection,null
6915,process,null,1620974990.859,ssh_connection,27,connection,null
6916,process,null,1620974990.859,ssh_connection,232,connection,null
6917,process,null,1620974990.863,ssh_connection,1446,connection,null
6918,process,null,1620974990.863,ssh_connection,1782,connection,null
6919,process,null,1620974990.863,ssh_connection,759,connection,null
6920,process,null,1620974990.867,ssh_connection,1844,connection,null
6921,process,null,1620974990.867,ssh_connection,225,connection,null
6922,process,null,1620974990.867,ssh_connection,1045,connection,null
6923,process,null,1620974990.871,ssh_connection,146,connection,null
6924,process,null,1620974990.871,ssh_connection,1913,connection,null
6925,process,null,1620974990.871,ssh_connection,1638,connection,null
6926,process,null,1620974990.875,ssh_connection,372,connection,null
6927,process,null,1620974990.875,ssh_connection,1855,connection,null
6928,process,null,1620974990.879,ssh_connection,356,connection,null
6929,process,null,1620974990.879,ssh_connection,1150,connection,null
6930,process,null,1620974990.879,ssh_connection,62,connection,null
6931,process,null,1620974990.883,ssh_connection,325,connection,null
6932,process,null,1620974990.883,ssh_connection,288,connection,null
6933,process,null,1620974990.887,ssh_connection,1337,connection,null
6934,process,null,1620974990.887,ssh_connection,377,connection,null
6935,process,null,1620974990.891,ssh_connection,216,connection,null
6936,process,null,1620974990.891,ssh_connection,1937,connection,null
6937,process,null,1620974990.895,ssh_connection,1952,connection,null
6938,process,null,1620974990.895,ssh_connection,1244,connection,null
6939,process,null,1620974990.899,ssh_connection,1249,connection,null
6940,process,null,1620974990.899,ssh_connection,1443,connection,null
6941,process,null,1620974990.903,ssh_connection,1709,connection,null
6942,process,null,1620974990.903,ssh_connection,818,connection,null
6943,process,null,1620974990.907,ssh_connection,564,connection,null
6944,process,null,1620974990.907,ssh_connection,1629,connection,null
6945,process,null,1620974990.911,ssh_connection,457,connection,null
6946,process,null,1620974990.911,ssh_connection,896,connection,null
6947,process,null,1620974990.915,ssh_connection,1663,connection,null
6948,process,null,1620974990.919,ssh_connection,38,connection,null
6949,process,null,1620974990.919,ssh_connection,1585,connection,null
6950,process,null,1620974990.923,ssh_connection,84,connection,null
6951,process,null,1620974990.923,ssh_connection,876,connection,null
6952,process,null,1620974990.927,ssh_connection,686,connection,null
6953,process,null,1620974990.927,ssh_connection,281,connection,null
6954,process,null,1620974990.931,ssh_connection,574,connection,null
6955,process,null,1620974990.931,ssh_connection,517,connection,null
6956,process,null,1620974990.935,ssh_connection,1523,connection,null
6957,process,null,1620974990.939,ssh_connection,1881,connection,null
6958,process,null,1620974990.943,ssh_connection,640,connection,null
6959,process,null,1620974990.947,ssh_connection,971,connection,null
6960,process,null,1620974990.951,ssh_connection,651,connection,null
6961,process,null,1620974990.955,ssh_connection,77,connection,null
6962,process,null,1620974990.959,ssh_connection,1075,connection,null
6963,process,null,1620974990.963,ssh_connection,1988,connection,null
6964,process,null,1620974990.967,ssh_connection,1530,connection,null
6965,process,null,1620974990.975,ssh_connection,1119,connection,null
6966,process,null,1620974990.979,ssh_connection,1748,connection,null
6967,process,null,1620974990.983,ssh_connection,25,connection,null
6968,process,null,1620974990.987,ssh_connection,764,connection,null
6969,process,null,1620974990.991,ssh_connection,1564,connection,null
6970,process,null,1620974990.995,ssh_connection,1505,connection,null
6971,process,null,1620974990.999,ssh_connection,535,connection,null
6972,process,null,1620974991.003,ssh_connection,444,connection,null
6973,process,null,1620974991.007,ssh_connection,198,connection,null
6974,process,null,1620974991.011,ssh_connection,1105,connection,null
6975,process,null,1620974991.015,ssh_connection,1436,connection,null
6980,process,null,1621060371.750,ssh_connection,1205,connection,null
6981,process,null,1621060371.754,ssh_connection,585,connection,null
6982,process,null,1621060371.754,ssh_connection,1511,connection,null
6983,process,null,1621060371.762,ssh_connection,39,connection,null
6984,process,null,1621060371.762,ssh_connection,984,connection,null
6985,process,null,1621060371.762,ssh_connection,1910,connection,null
6986,process,null,1621060371.766,ssh_connection,1335,connection,null
6987,process,null,1621060371.766,ssh_connection,672,connection,null
6988,process,null,1621060371.766,ssh_connection,869,connection,null
6989,process,null,1621060371.770,ssh_connection,393,connection,null
6990,process,null,1621060371.770,ssh_connection,570,connection,null
6991,process,null,1621060371.770,ssh_connection,2087,connection,null
6992,process,null,1621060371.774,ssh_connection,1056,connection,null
6993,process,null,1621060371.774,ssh_connection,1767,connection,null
6994,process,null,1621060371.774,ssh_connection,475,connection,null
6995,process,null,1621060371.778,ssh_connection,72,connection,null
6996,process,null,1621060371.778,ssh_connection,1889,connection,null
6997,process,null,1621060371.778,ssh_connection,1318,connection,null
6998,process,null,1621060371.782,ssh_connection,1199,connection,null
6999,process,null,1621060371.782,ssh_connection,1359,connection,null
7000,process,null,1621060371.782,ssh_connection,433,connection,null
7001,process,null,1621060371.786,ssh_connection,2054,connection,null
7002,process,null,1621060371.790,ssh_connection,1164,connection,null
7003,process,null,1621060371.786,ssh_connection,886,connection,null
7004,process,null,1621060371.790,ssh_connection,201,connection,null
7005,process,null,1621060371.794,ssh_connection,1157,connection,null
7006,process,null,1621060371.794,ssh_connection,1974,connection,null
7007,process,null,1621060371.794,ssh_connection,518,connection,null
7008,process,null,1621060371.798,ssh_connection,69,connection,null
7009,process,null,1621060371.798,ssh_connection,1849,connection,null
7010,process,null,1621060371.798,ssh_connection,1,connection,null
7011,process,null,1621060371.802,ssh_connection,1989,connection,null
7012,process,null,1621060371.802,ssh_connection,1871,connection,null
7013,process,null,1621060371.802,ssh_connection,464,connection,null
7014,process,null,1621060371.806,ssh_connection,878,connection,null
7015,process,null,1621060371.806,ssh_connection,423,connection,null
7016,process,null,1621060371.806,ssh_connection,615,connection,null
7017,process,null,1621060371.810,ssh_connection,1405,connection,null
7018,process,null,1621060371.810,ssh_connection,1507,connection,null
7019,process,null,1621060371.810,ssh_connection,1404,connection,null
7020,process,null,1621060371.814,ssh_connection,1345,connection,null
7021,process,null,1621060371.814,ssh_connection,737,connection,null
7022,process,null,1621060371.818,ssh_connection,2049,connection,null
7023,process,null,1621060371.818,ssh_connection,1134,connection,null
7024,process,null,1621060371.818,ssh_connection,1933,connection,null
7025,process,null,1621060371.822,ssh_connection,1294,connection,null
7026,process,null,1621060371.822,ssh_connection,289,connection,null
7027,process,null,1621060371.822,ssh_connection,1826,connection,null
7028,process,null,1621060371.826,ssh_connection,1269,connection,null
7029,process,null,1621060371.826,ssh_connection,1802,connection,null
7030,process,null,1621060371.826,ssh_connection,1135,connection,null
7031,process,null,1621060371.830,ssh_connection,121,connection,null
7032,process,null,1621060371.830,ssh_connection,436,connection,null
7033,process,null,1621060371.830,ssh_connection,816,connection,null
7034,process,null,1621060371.834,ssh_connection,1336,connection,null
7035,process,null,1621060371.834,ssh_connection,1415,connection,null
7036,process,null,1621060371.834,ssh_connection,1266,connection,null
7037,process,null,1621060371.838,ssh_connection,950,connection,null
7038,process,null,1621060371.838,ssh_connection,1409,connection,null
7039,process,null,1621060371.842,ssh_connection,2074,connection,null
7040,process,null,1621060371.842,ssh_connection,470,connection,null
7041,process,null,1621060371.846,ssh_connection,648,connection,null
7042,process,null,1621060371.846,ssh_connection,647,connection,null
7043,process,null,1621060371.850,ssh_connection,1402,connection,null
7044,process,null,1621060371.850,ssh_connection,552,connection,null
7045,process,null,1621060371.854,ssh_connection,173,connection,null
7046,process,null,1621060371.854,ssh_connection,172,connection,null
7047,process,null,1621060371.858,ssh_connection,1363,connection,null
7048,process,null,1621060371.862,ssh_connection,506,connection,null
7049,process,null,1621060371.862,ssh_connection,2085,connection,null
7050,process,null,1621060371.866,ssh_connection,1668,connection,null
7051,process,null,1621060371.866,ssh_connection,459,connection,null
7052,process,null,1621060371.870,ssh_connection,542,connection,null
7053,process,null,1621060371.870,ssh_connection,1290,connection,null
7054,process,null,1621060371.874,ssh_connection,1591,connection,null
7055,process,null,1621060371.874,ssh_connection,1435,connection,null
7056,process,null,1621060371.878,ssh_connection,1916,connection,null
7057,process,null,1621060371.878,ssh_connection,168,connection,null
7058,process,null,1621060371.882,ssh_connection,638,connection,null
7059,process,null,1621060371.882,ssh_connection,1805,connection,null
7060,process,null,1621060371.886,ssh_connection,2021,connection,null
7061,process,null,1621060371.890,ssh_connection,1315,connection,null
7062,process,null,1621060371.894,ssh_connection,1917,connection,null
7063,process,null,1621060371.898,ssh_connection,2003,connection,null
7064,process,null,1621060371.902,ssh_connection,1393,connection,null
7065,process,null,1621060371.906,ssh_connection,3,connection,null
7066,process,null,1621060371.910,ssh_connection,622,connection,null
7067,process,null,1621060371.914,ssh_connection,2016,connection,null
7068,process,null,1621060371.918,ssh_connection,63,connection,null
7069,process,null,1621060371.922,ssh_connection,487,connection,null
7070,process,null,1621060371.926,ssh_connection,1247,connection,null
7071,process,null,1621060371.930,ssh_connection,873,connection,null
7072,process,null,1621060371.934,ssh_connection,151,connection,null
7073,process,null,1621060371.938,ssh_connection,795,connection,null
7074,process,null,1621060371.942,ssh_connection,1755,connection,null
7075,process,null,1621060371.946,ssh_connection,1226,connection,null
7076,process,null,1621060371.954,ssh_connection,888,connection,null
7077,process,null,1621060371.958,ssh_connection,413,connection,null
7078,process,null,1621060371.962,ssh_connection,1837,connection,null
7079,process,null,1621060371.966,ssh_connection,1970,connection,null
7084,process,null,1621147914.452,ssh_connection,2037,connection,null
7085,process,null,1621147914.452,ssh_connection,237,connection,null
7086,process,null,1621147914.452,ssh_connection,799,connection,null
7087,process,null,1621147914.460,ssh_connection,270,connection,null
7088,process,null,1621147914.460,ssh_connection,1038,connection,null
7089,process,null,1621147914.460,ssh_connection,749,connection,null
7090,process,null,1621147914.464,ssh_connection,1722,connection,null
7091,process,null,1621147914.464,ssh_connection,489,connection,null
7092,process,null,1621147914.468,ssh_connection,1856,connection,null
7093,process,null,1621147914.468,ssh_connection,770,connection,null
7094,process,null,1621147914.472,ssh_connection,1820,connection,null
7095,process,null,1621147914.472,ssh_connection,1654,connection,null
7096,process,null,1621147914.472,ssh_connection,34,connection,null
7097,process,null,1621147914.476,ssh_connection,147,connection,null
7098,process,null,1621147914.476,ssh_connection,324,connection,null
7099,process,null,1621147914.476,ssh_connection,692,connection,null
7100,process,null,1621147914.480,ssh_connection,844,connection,null
7101,process,null,1621147914.480,ssh_connection,314,connection,null
7102,process,null,1621147914.480,ssh_connection,1438,connection,null
7103,process,null,1621147914.484,ssh_connection,1341,connection,null
7104,process,null,1621147914.484,ssh_connection,1211,connection,null
7105,process,null,1621147914.484,ssh_connection,187,connection,null
7106,process,null,1621147914.488,ssh_connection,1428,connection,null
7107,process,null,1621147914.488,ssh_connection,1332,connection,null
7108,process,null,1621147914.488,ssh_connection,1833,connection,null
7109,process,null,1621147914.492,ssh_connection,415,connection,null
7110,process,null,1621147914.492,ssh_connection,2110,connection,null
7111,process,null,1621147914.492,ssh_connection,861,connection,null
7112,process,null,1621147914.496,ssh_connection,1545,connection,null
7113,process,null,1621147914.496,ssh_connection,1367,connection,null
7114,process,null,1621147914.496,ssh_connection,1177,connection,null
7115,process,null,1621147914.500,ssh_connection,2031,connection,null
7116,process,null,1621147914.500,ssh_connection,1082,connection,null
7117,process,null,1621147914.500,ssh_connection,485,connection,null
7118,process,null,1621147914.504,ssh_connection,1020,connection,null
7119,process,null,1621147914.504,ssh_connection,295,connection,null
7120,process,null,1621147914.504,ssh_connection,519,connection,null
7121,process,null,1621147914.508,ssh_connection,186,connection,null
7122,process,null,1621147914.508,ssh_connection,99,connection,null
7123,process,null,1621147914.512,ssh_connection,807,connection,null
7124,process,null,1621147914.512,ssh_connection,1846,connection,null
7125,process,null,1621147914.512,ssh_connection,784,connection,null
7126,process,null,1621147914.516,ssh_connection,1613,connection,null
7127,process,null,1621147914.516,ssh_connection,2066,connection,null
7128,process,null,1621147914.516,ssh_connection,1797,connection,null
7129,process,null,1621147914.520,ssh_connection,273,connection,null
7130,process,null,1621147914.520,ssh_connection,421,connection,null
7131,process,null,1621147914.520,ssh_connection,1263,connection,null
7132,process,null,1621147914.524,ssh_connection,668,connection,null
7133,process,null,1621147914.524,ssh_connection,107,connection,null
7134,process,null,1621147914.524,ssh_connection,2036,connection,null
7135,process,null,1621147914.528,ssh_connection,1955,connection,null
7136,process,null,1621147914.528,ssh_connection,42,connection,null
7137,process,null,1621147914.528,ssh_connection,2104,connection,null
7138,process,null,1621147914.532,ssh_connection,1827,connection,null
7139,process,null,1621147914.532,ssh_connection,891,connection,null
7140,process,null,1621147914.532,ssh_connection,414,connection,null
7141,process,null,1621147914.536,ssh_connection,1896,connection,null
7142,process,null,1621147914.540,ssh_connection,1302,connection,null
7143,process,null,1621147914.540,ssh_connection,2062,connection,null
7144,process,null,1621147914.544,ssh_connection,2086,connection,null
7145,process,null,1621147914.544,ssh_connection,1395,connection,null
7146,process,null,1621147914.548,ssh_connection,1883,connection,null
7147,process,null,1621147914.552,ssh_connection,693,connection,null
7148,process,null,1621147914.552,ssh_connection,490,connection,null
7149,process,null,1621147914.556,ssh_connection,757,connection,null
7150,process,null,1621147914.556,ssh_connection,2094,connection,null
7151,process,null,1621147914.560,ssh_connection,1723,connection,null
7152,process,null,1621147914.560,ssh_connection,1419,connection,null
7153,process,null,1621147914.564,ssh_connection,1574,connection,null
7154,process,null,1621147914.564,ssh_connection,1073,connection,null
7155,process,null,1621147914.568,ssh_connection,200,connection,null
7156,process,null,1621147914.568,ssh_connection,1178,connection,null
7157,process,null,1621147914.572,ssh_connection,268,connection,null
7158,process,null,1621147914.572,ssh_connection,1880,connection,null
7159,process,null,1621147914.576,ssh_connection,1272,connection,null
7160,process,null,1621147914.576,ssh_connection,1600,connection,null
7161,process,null,1621147914.580,ssh_connection,836,connection,null
7162,process,null,1621147914.580,ssh_connection,820,connection,null
7163,process,null,1621147914.584,ssh_connection,1622,connection,null
7164,process,null,1621147914.584,ssh_connection,1161,connection,null
7165,process,null,1621147914.588,ssh_connection,581,connection,null
7166,process,null,1621147914.592,ssh_connection,1632,connection,null
7167,process,null,1621147914.596,ssh_connection,824,connection,null
7168,process,null,1621147914.600,ssh_connection,714,connection,null
7169,process,null,1621147914.604,ssh_connection,290,connection,null
7170,process,null,1621147914.608,ssh_connection,1061,connection,null
7171,process,null,1621147914.612,ssh_connection,1058,connection,null
7172,process,null,1621147914.616,ssh_connection,1251,connection,null
7173,process,null,1621147914.624,ssh_connection,1565,connection,null
7174,process,null,1621147914.628,ssh_connection,6,connection,null
7175,process,null,1621147914.632,ssh_connection,474,connection,null
7176,process,null,1621147914.636,ssh_connection,453,connection,null
7177,process,null,1621147914.640,ssh_connection,1202,connection,null
7178,process,null,1621147914.644,ssh_connection,2060,connection,null
7179,process,null,1621147914.648,ssh_connection,333,connection,null
7180,process,null,1621147914.652,ssh_connection,1739,connection,null
7181,process,null,1621147914.656,ssh_connection,2106,connection,null
7182,process,null,1621147914.660,ssh_connection,1212,connection,null
7183,process,null,1621147914.664,ssh_connection,1575,connection,null
7188,process,null,1621233258.568,ssh_connection,992,connection,null
7189,process,null,1621233258.568,ssh_connection,259,connection,null
7190,process,null,1621233258.568,ssh_connection,473,connection,null
7191,process,null,1621233258.576,ssh_connection,1284,connection,null
7192,process,null,1621233258.580,ssh_connection,1088,connection,null
7193,process,null,1621233258.580,ssh_connection,384,connection,null
7194,process,null,1621233258.580,ssh_connection,1536,connection,null
7195,process,null,1621233258.584,ssh_connection,2026,connection,null
7196,process,null,1621233258.584,ssh_connection,664,connection,null
7197,process,null,1621233258.584,ssh_connection,677,connection,null
7198,process,null,1621233258.588,ssh_connection,261,connection,null
7199,process,null,1621233258.588,ssh_connection,360,connection,null
7200,process,null,1621233258.588,ssh_connection,1945,connection,null
7201,process,null,1621233258.592,ssh_connection,1255,connection,null
7202,process,null,1621233258.592,ssh_connection,1366,connection,null
7203,process,null,1621233258.592,ssh_connection,249,connection,null
7204,process,null,1621233258.596,ssh_connection,1760,connection,null
7205,process,null,1621233258.596,ssh_connection,945,connection,null
7206,process,null,1621233258.596,ssh_connection,1978,connection,null
7207,process,null,1621233258.600,ssh_connection,160,connection,null
7208,process,null,1621233258.600,ssh_connection,1162,connection,null
7209,process,null,1621233258.600,ssh_connection,387,connection,null
7210,process,null,1621233258.604,ssh_connection,1216,connection,null
7211,process,null,1621233258.604,ssh_connection,752,connection,null
7212,process,null,1621233258.604,ssh_connection,630,connection,null
7213,process,null,1621233258.608,ssh_connection,46,connection,null
7214,process,null,1621233258.608,ssh_connection,18,connection,null
7215,process,null,1621233258.612,ssh_connection,656,connection,null
7216,process,null,1621233258.612,ssh_connection,445,connection,null
7217,process,null,1621233258.612,ssh_connection,119,connection,null
7218,process,null,1621233258.616,ssh_connection,769,connection,null
7219,process,null,1621233258.616,ssh_connection,1089,connection,null
7220,process,null,1621233258.616,ssh_connection,145,connection,null
7221,process,null,1621233258.620,ssh_connection,1470,connection,null
7222,process,null,1621233258.620,ssh_connection,1894,connection,null
7223,process,null,1621233258.620,ssh_connection,2092,connection,null
7224,process,null,1621233258.624,ssh_connection,863,connection,null
7225,process,null,1621233258.624,ssh_connection,2052,connection,null
7226,process,null,1621233258.624,ssh_connection,1902,connection,null
7227,process,null,1621233258.628,ssh_connection,1788,connection,null
7228,process,null,1621233258.628,ssh_connection,410,connection,null
7229,process,null,1621233258.628,ssh_connection,364,connection,null
7230,process,null,1621233258.632,ssh_connection,1612,connection,null
7231,process,null,1621233258.632,ssh_connection,953,connection,null
7232,process,null,1621233258.636,ssh_connection,398,connection,null
7233,process,null,1621233258.636,ssh_connection,1774,connection,null
7234,process,null,1621233258.640,ssh_connection,528,connection,null
7235,process,null,1621233258.640,ssh_connection,1589,connection,null
7236,process,null,1621233258.640,ssh_connection,813,connection,null
7237,process,null,1621233258.644,ssh_connection,516,connection,null
7238,process,null,1621233258.644,ssh_connection,1935,connection,null
7239,process,null,1621233258.644,ssh_connection,923,connection,null
7240,process,null,1621233258.648,ssh_connection,1093,connection,null
7241,process,null,1621233258.648,ssh_connection,2068,connection,null
7242,process,null,1621233258.648,ssh_connection,678,connection,null
7243,process,null,1621233258.652,ssh_connection,136,connection,null
7244,process,null,1621233258.652,ssh_connection,1321,connection,null
7245,process,null,1621233258.656,ssh_connection,931,connection,null
7246,process,null,1621233258.656,ssh_connection,109,connection,null
7247,process,null,1621233258.660,ssh_connection,1882,connection,null
7248,process,null,1621233258.660,ssh_connection,842,connection,null
7249,process,null,1621233258.664,ssh_connection,1069,connection,null
7250,process,null,1621233258.664,ssh_connection,1297,connection,null
7251,process,null,1621233258.668,ssh_connection,1655,connection,null
7252,process,null,1621233258.668,ssh_connection,747,connection,null
7253,process,null,1621233258.672,ssh_connection,1593,connection,null
7254,process,null,1621233258.672,ssh_connection,921,connection,null
7255,process,null,1621233258.676,ssh_connection,351,connection,null
7256,process,null,1621233258.676,ssh_connection,194,connection,null
7257,process,null,1621233258.680,ssh_connection,122,connection,null
7258,process,null,1621233258.680,ssh_connection,1330,connection,null
7259,process,null,1621233258.684,ssh_connection,591,connection,null
7260,process,null,1621233258.684,ssh_connection,1237,connection,null
7261,process,null,1621233258.688,ssh_connection,389,connection,null
7262,process,null,1621233258.688,ssh_connection,164,connection,null
7263,process,null,1621233258.692,ssh_connection,1165,connection,null
7264,process,null,1621233258.692,ssh_connection,300,connection,null
7265,process,null,1621233258.696,ssh_connection,588,connection,null
7266,process,null,1621233258.696,ssh_connection,2009,connection,null
7267,process,null,1621233258.704,ssh_connection,1238,connection,null
7268,process,null,1621233258.700,ssh_connection,1753,connection,null
7269,process,null,1621233258.708,ssh_connection,1875,connection,null
7270,process,null,1621233258.712,ssh_connection,596,connection,null
7271,process,null,1621233258.716,ssh_connection,1551,connection,null
7272,process,null,1621233258.720,ssh_connection,1520,connection,null
7273,process,null,1621233258.724,ssh_connection,1512,connection,null
7274,process,null,1621233258.728,ssh_connection,834,connection,null
7275,process,null,1621233258.732,ssh_connection,363,connection,null
7276,process,null,1621233258.736,ssh_connection,1757,connection,null
7277,process,null,1621233258.740,ssh_connection,16,connection,null
7278,process,null,1621233258.744,ssh_connection,1076,connection,null
7279,process,null,1621233258.748,ssh_connection,1295,connection,null
7280,process,null,1621233258.752,ssh_connection,438,connection,null
7281,process,null,1621233258.756,ssh_connection,1101,connection,null
7282,process,null,1621233258.760,ssh_connection,1111,connection,null
7283,process,null,1621233258.764,ssh_connection,2090,connection,null
7284,process,null,1621233258.768,ssh_connection,365,connection,null
7285,process,null,1621233258.776,ssh_connection,1086,connection,null
7286,process,null,1621233258.780,ssh_connection,188,connection,null
7287,process,null,1621233258.784,ssh_connection,2109,connection,null
7310,process,null,1621036801.549,Process_Create,21980,process,null
7310,process,null,1621036801.549,Process_Create,21982,process,null
7310,process,null,1621036801.549,Process_Create,8876,process,null
7310,process,null,1621036801.549,Process_Create,21981,process,null
7311,process,null,1621036801.757,Process_Create,21985,process,null
7311,process,null,1621036801.757,Process_Create,21983,process,null
7311,process,null,1621036801.757,Process_Create,8877,process,null
7311,process,null,1621036801.757,Process_Create,21986,process,null
7311,process,null,1621036801.757,Process_Create,21984,process,null
7312,process,null,1621123200.742,Process_Create,22001,process,null
7312,process,null,1621123200.742,Process_Create,22002,process,null
7312,process,null,1621123200.742,Process_Create,8878,process,null
7312,process,null,1621123200.742,Process_Create,22000,process,null
7313,process,null,1621123200.806,Process_Create,22004,process,null
7313,process,null,1621123200.806,Process_Create,22005,process,null
7313,process,null,1621123200.806,Process_Create,22006,process,null
7313,process,null,1621123200.806,Process_Create,22003,process,null
7313,process,null,1621123200.806,Process_Create,8879,process,null
7314,process,null,1621209601.357,Process_Create,22018,process,null
7314,process,null,1621209601.357,Process_Create,22020,process,null
7314,process,null,1621209601.357,Process_Create,22019,process,null
7314,process,null,1621209601.357,Process_Create,8880,process,null
7315,process,null,1621209602.005,Process_Create,8881,process,null
7315,process,null,1621209602.005,Process_Create,22021,process,null
7315,process,null,1621209602.005,Process_Create,22024,process,null
7315,process,null,1621209602.005,Process_Create,22023,process,null
7315,process,null,1621209602.005,Process_Create,22022,process,null
7316,process,null,1621147924.304,Process_Create,26195,process,null
7316,process,null,1621147924.304,Process_Create,3855,process,null
7316,process,null,1621147924.304,Process_Create,7302,process,null
7316,process,null,1621147924.304,Process_Create,6619,process,null
7317,process,null,1620864001.062,Process_Create,22043,process,null
7317,process,null,1620864001.062,Process_Create,22041,process,null
7317,process,null,1620864001.062,Process_Create,8883,process,null
7317,process,null,1620864001.062,Process_Create,22042,process,null
7318,process,null,1620864001.714,Process_Create,8884,process,null
7318,process,null,1620864001.714,Process_Create,22044,process,null
7318,process,null,1620864001.714,Process_Create,22046,process,null
7318,process,null,1620864001.714,Process_Create,22045,process,null
7318,process,null,1620864001.714,Process_Create,22047,process,null
7319,process,null,1620950400.199,Process_Create,8885,process,null
7319,process,null,1620950400.199,Process_Create,22051,process,null
7319,process,null,1620950400.199,Process_Create,22049,process,null
7319,process,null,1620950400.199,Process_Create,22050,process,null
7320,process,null,1620950400.263,Process_Create,22053,process,null
7320,process,null,1620950400.263,Process_Create,22055,process,null
7320,process,null,1620950400.263,Process_Create,22052,process,null
7320,process,null,1620950400.263,Process_Create,8886,process,null
7320,process,null,1620950400.263,Process_Create,22054,process,null
7341,process,null,1620856480.376,Process_Create,7468,process,null
7342,process,null,1620856480.276,Process_Create,7465,process,null
7343,process,null,1620856481.073,Process_Create,11439,process,null
7343,process,null,1620856481.073,Process_Create,7347,process,null
7343,process,null,1620856481.073,Process_Create,11438,process,null
7343,process,null,1620856481.073,Process_Create,7345,process,null
7343,process,null,1620856481.073,Process_Create,4374,process,null
7343,process,null,1620856481.073,Process_Create,7346,process,null
7343,process,null,1620856481.073,Process_Create,4373,process,null
7343,process,null,1620856481.073,Process_Create,11443,process,null
7343,process,null,1620856481.073,Process_Create,4375,process,null
7352,process,attack,1621257810.78,Process_Create,2895,process,attack
7360,process,null,1621036800.397,Process_Create,11052,process,null
7360,process,null,1621036800.397,Process_Create,11051,process,null
7360,process,null,1621036800.397,Process_Create,6634,process,null
7360,process,null,1621036800.397,Process_Create,11050,process,null
7360,process,null,1621036800.397,Process_Create,6633,process,null
7362,process,null,1620887664.751,Process_Create,25532,process,null
7362,process,null,1620887664.751,Process_Create,7482,process,null
7362,process,null,1620887664.751,Process_Create,6685,process,null
7362,process,null,1620887664.751,Process_Create,9468,process,null
7362,process,null,1620887664.751,Process_Create,7363,process,null
7364,process,null,1621123200.17,Process_Create,11162,process,null
7364,process,null,1621123200.17,Process_Create,11159,process,null
7364,process,null,1621123200.17,Process_Create,6641,process,null
7364,process,null,1621123200.17,Process_Create,6640,process,null
7364,process,null,1621123200.17,Process_Create,11160,process,null
7364,process,null,1621123200.17,Process_Create,11161,process,null
7364,process,null,1621123200.17,Process_Create,6638,process,null
7364,process,null,1621123200.17,Process_Create,6639,process,null
7366,process,null,1620974999.227,Process_Create,7495,process,null
7366,process,null,1620974999.227,Process_Create,9725,process,null
7366,process,null,1620974999.227,Process_Create,6686,process,null
7366,process,null,1620974999.227,Process_Create,7367,process,null
7367,process,null,1620974999.235,Process_Create,11237,process,null
7367,process,null,1620974999.235,Process_Create,6664,process,null
7367,process,null,1620974999.235,Process_Create,6667,process,null
7367,process,null,1620974999.235,Process_Create,6649,process,null
7367,process,null,1620974999.235,Process_Create,6645,process,null
7367,process,null,1620974999.235,Process_Create,6651,process,null
7367,process,null,1620974999.235,Process_Create,6666,process,null
7367,process,null,1620974999.235,Process_Create,6647,process,null
7367,process,null,1620974999.235,Process_Create,6653,process,null
7367,process,null,1620974999.235,Process_Create,6646,process,null
7367,process,null,1620974999.235,Process_Create,6650,process,null
7367,process,null,1620974999.235,Process_Create,6658,process,null
7367,process,null,1620974999.235,Process_Create,6655,process,null
7367,process,null,1620974999.235,Process_Create,6657,process,null
7367,process,null,1620974999.235,Process_Create,6661,process,null
7367,process,null,1620974999.235,Process_Create,6659,process,null
7367,process,null,1620974999.235,Process_Create,6648,process,null
7367,process,null,1620974999.235,Process_Create,11238,process,null
7367,process,null,1620974999.235,Process_Create,6665,process,null
7367,process,null,1620974999.235,Process_Create,6652,process,null
7367,process,null,1620974999.235,Process_Create,6662,process,null
7367,process,null,1620974999.235,Process_Create,6660,process,null
7367,process,null,1620974999.235,Process_Create,6663,process,null
7367,process,null,1620974999.235,Process_Create,6668,process,null
7367,process,null,1620974999.235,Process_Create,6654,process,null
7367,process,null,1620974999.235,Process_Create,6656,process,null
7369,process,null,1621209600.413,Process_Create,11303,process,null
7369,process,null,1621209600.413,Process_Create,6669,process,null
7369,process,null,1621209600.413,Process_Create,11302,process,null
7369,process,null,1621209600.413,Process_Create,11301,process,null
7369,process,null,1621209600.413,Process_Create,6670,process,null
7370,process,null,1621060380.234,Process_Create,7371,process,null
7370,process,null,1621060380.234,Process_Create,9988,process,null
7370,process,null,1621060380.234,Process_Create,6687,process,null
7370,process,null,1621060380.234,Process_Create,7500,process,null
7371,process,null,1621060380.242,Process_Create,11320,process,null
7371,process,null,1621060380.242,Process_Create,11322,process,null
7371,process,null,1621060380.242,Process_Create,6671,process,null
7373,process,null,1621147924.132,Process_Create,10229,process,null
7373,process,null,1621147924.132,Process_Create,6688,process,null
7373,process,null,1621147924.132,Process_Create,7516,process,null
7373,process,null,1621147924.132,Process_Create,7374,process,null
7374,process,null,1621147924.136,Process_Create,11395,process,null
7374,process,null,1621147924.136,Process_Create,11393,process,null
7374,process,null,1621147924.136,Process_Create,11398,process,null
7374,process,null,1621147924.136,Process_Create,11394,process,null
7374,process,null,1621147924.136,Process_Create,11399,process,null
7374,process,null,1621147924.136,Process_Create,6675,process,null
7374,process,null,1621147924.136,Process_Create,11400,process,null
7375,process,null,1621233268.904,Process_Create,7376,process,null
7375,process,null,1621233268.904,Process_Create,6689,process,null
7375,process,null,1621233268.904,Process_Create,7517,process,null
7375,process,null,1621233268.904,Process_Create,10273,process,null
7376,process,null,1621233268.908,Process_Create,6676,process,null
7376,process,null,1621233268.908,Process_Create,11432,process,null
7376,process,null,1621233268.908,Process_Create,11431,process,null
7377,process,null,1620864000.166,Process_Create,6678,process,null
7377,process,null,1620864000.166,Process_Create,11496,process,null
7377,process,null,1620864000.166,Process_Create,11497,process,null
7377,process,null,1620864000.166,Process_Create,6679,process,null
7377,process,null,1620864000.166,Process_Create,11495,process,null
7378,process,null,1620950400.163,Process_Create,11501,process,null
7378,process,null,1620950400.163,Process_Create,6681,process,null
7378,process,null,1620950400.163,Process_Create,6680,process,null
7378,process,null,1620950400.163,Process_Create,11499,process,null
7378,process,null,1620950400.163,Process_Create,11500,process,null
7404,process,null,1620887665.207,Process_Create,21958,process,null
7404,process,null,1620887665.207,Process_Create,5200,process,null
7404,process,null,1620887665.207,Process_Create,26229,process,null
7404,process,null,1620887665.207,Process_Create,3891,process,null
7404,process,null,1620887665.207,Process_Create,4356,process,null
7404,process,null,1620887665.207,Process_Create,21957,process,null
7407,process,null,1620974999.571,Process_Create,4357,process,null
7407,process,null,1620974999.571,Process_Create,5477,process,null
7407,process,null,1620974999.571,Process_Create,3892,process,null
7407,process,null,1620974999.571,Process_Create,21959,process,null
7407,process,null,1620974999.571,Process_Create,26231,process,null
7407,process,null,1620974999.571,Process_Create,21960,process,null
7409,process,null,1621060380.394,Process_Create,21962,process,null
7409,process,null,1621060380.394,Process_Create,5740,process,null
7409,process,null,1621060380.394,Process_Create,21961,process,null
7409,process,null,1621060380.394,Process_Create,3893,process,null
7409,process,null,1621060380.394,Process_Create,26233,process,null
7409,process,null,1621060380.394,Process_Create,4358,process,null
7411,process,null,1621147622.276,Process_Create,4359,process,null
7411,process,null,1621147622.276,Process_Create,21963,process,null
7412,process,null,1621147925.42,Process_Create,21966,process,null
7412,process,null,1621147925.42,Process_Create,21965,process,null
7412,process,null,1621147925.42,Process_Create,3894,process,null
7412,process,null,1621147925.42,Process_Create,26238,process,null
7412,process,null,1621147925.42,Process_Create,4360,process,null
7412,process,null,1621147925.42,Process_Create,5990,process,null
7413,process,null,1621233268.924,Process_Create,21968,process,null
7413,process,null,1621233268.924,Process_Create,21967,process,null
7413,process,null,1621233268.924,Process_Create,4361,process,null
7413,process,null,1621233268.924,Process_Create,3895,process,null
7413,process,null,1621233268.924,Process_Create,6018,process,null
7413,process,null,1621233268.924,Process_Create,26239,process,null
7455,process,null,1621059904.024,Process_Create,25621,process,null
7455,process,null,1621059904.024,Process_Create,7559,process,null
7455,process,null,1621059904.024,Process_Create,7321,process,null
7455,process,null,1621059904.024,Process_Create,26117,process,null
7455,process,null,1621059904.024,Process_Create,6538,process,null
7456,process,null,1620887666.571,Process_Create,6542,process,null
7456,process,null,1620887666.571,Process_Create,25622,process,null
7456,process,null,1620887666.571,Process_Create,7323,process,null
7456,process,null,1620887666.571,Process_Create,26137,process,null
7457,process,null,1621146302.354,Process_Create,7325,process,null
7457,process,null,1621146302.354,Process_Create,7561,process,null
7457,process,null,1621146302.354,Process_Create,25623,process,null
7457,process,null,1621146302.354,Process_Create,26146,process,null
7457,process,null,1621146302.354,Process_Create,6543,process,null
7458,process,null,1620974999.643,Process_Create,7327,process,null
7458,process,null,1620974999.643,Process_Create,26155,process,null
7458,process,null,1620974999.643,Process_Create,25624,process,null
7458,process,null,1620974999.643,Process_Create,6546,process,null
7459,process,null,1620887108.564,Process_Create,7329,process,null
7459,process,null,1620887108.564,Process_Create,25625,process,null
7459,process,null,1620887108.564,Process_Create,6548,process,null
7459,process,null,1620887108.564,Process_Create,26163,process,null
7460,process,null,1621060380.47,Process_Create,26174,process,null
7460,process,null,1621060380.47,Process_Create,25626,process,null
7460,process,null,1621060380.47,Process_Create,7331,process,null
7460,process,null,1621060380.47,Process_Create,6550,process,null
7461,process,null,1621232701.605,Process_Create,26181,process,null
7461,process,null,1621232701.605,Process_Create,6552,process,null
7461,process,null,1621232701.605,Process_Create,25627,process,null
7461,process,null,1621232701.605,Process_Create,7567,process,null
7461,process,null,1621232701.605,Process_Create,7333,process,null
7462,process,null,1621147925.488,Process_Create,6555,process,null
7462,process,null,1621147925.488,Process_Create,25628,process,null
7462,process,null,1621147925.488,Process_Create,26196,process,null
7462,process,null,1621147925.488,Process_Create,7335,process,null
7463,process,null,1621233268.992,Process_Create,26204,process,null
7463,process,null,1621233268.992,Process_Create,7569,process,null
7463,process,null,1621233268.992,Process_Create,6556,process,null
7463,process,null,1621233268.992,Process_Create,7337,process,null
7463,process,null,1621233268.992,Process_Create,25629,process,null
7464,process,null,1620973502.207,Process_Create,7339,process,null
7464,process,null,1620973502.207,Process_Create,26218,process,null
7464,process,null,1620973502.207,Process_Create,6559,process,null
7464,process,null,1620973502.207,Process_Create,25630,process,null
7466,process,null,1620856480.360,finit_module,2200,NETFILTER_CFG,null
7467,process,null,1620856480.368,finit_module,2201,NETFILTER_CFG,null
7469,process,null,1620856480.380,finit_module,2201,NETFILTER_CFG,null
7518,process,null,1620859690.373,Process_Create,2862,process,null
7570,process,null,1620856483.385,Process_Create,8638,process,null
7570,process,null,1620856483.385,Process_Create,11560,process,null
7570,process,null,1620856483.385,Process_Create,2927,process,null
7577,process,null,1620887691.647,Process_Create,3063,process,null
7577,process,null,1620887691.647,Process_Create,3064,process,null
7577,process,null,1620887691.647,Process_Create,3062,process,null
7577,process,null,1620887691.647,Process_Create,3111,process,null
7577,process,null,1620887691.647,Process_Create,3012,process,null
7577,process,null,1620887691.647,Process_Create,3013,process,null
7577,process,null,1620887691.647,Process_Create,3061,process,null
7577,process,null,1620887691.647,Process_Create,3110,process,null
7577,process,null,1620887691.647,Process_Create,3014,process,null
7577,process,null,1620887691.647,Process_Create,3015,process,null
7577,process,null,1620887691.647,Process_Create,3109,process,null
7577,process,null,1620887691.647,Process_Create,3112,process,null
7578,process,null,1620974999.751,Process_Create,3072,process,null
7578,process,null,1620974999.751,Process_Create,3071,process,null
7578,process,null,1620974999.751,Process_Create,3073,process,null
7578,process,null,1620974999.751,Process_Create,3070,process,null
7579,process,null,1621060380.582,Process_Create,3079,process,null
7579,process,null,1621060380.582,Process_Create,3080,process,null
7579,process,null,1621060380.582,Process_Create,3082,process,null
7579,process,null,1621060380.582,Process_Create,3081,process,null
7580,process,null,1621147925.604,Process_Create,3089,process,null
7580,process,null,1621147925.604,Process_Create,3091,process,null
7580,process,null,1621147925.604,Process_Create,3092,process,null
7580,process,null,1621147925.604,Process_Create,3090,process,null
7581,process,null,1621233269.096,Process_Create,3098,process,null
7581,process,null,1621233269.096,Process_Create,3096,process,null
7581,process,null,1621233269.096,Process_Create,3097,process,null
7581,process,null,1621233269.096,Process_Create,3095,process,null
7908,process,null,1620859140.205,Process_Create,3640,process,null
8044,process,null,1621010340.391,Process_Create,12060,process,null
8044,process,null,1621010340.391,Process_Create,4378,process,null
8045,process,null,1621012140.413,Process_Create,4379,process,null
8045,process,null,1621012140.413,Process_Create,12063,process,null
8046,process,null,1621013940.147,Process_Create,4380,process,null
8046,process,null,1621013940.147,Process_Create,12066,process,null
8047,process,null,1621015740.644,Process_Create,4381,process,null
8047,process,null,1621015740.644,Process_Create,12069,process,null
8048,process,null,1621017540.15,Process_Create,12072,process,null
8048,process,null,1621017540.15,Process_Create,4382,process,null
8049,process,null,1621019340.143,Process_Create,12075,process,null
8049,process,null,1621019340.143,Process_Create,4383,process,null
8050,process,null,1621021140.157,Process_Create,12078,process,null
8050,process,null,1621021140.157,Process_Create,4384,process,null
8051,process,null,1621022940.394,Process_Create,12081,process,null
8051,process,null,1621022940.394,Process_Create,4385,process,null
8052,process,null,1621024740.392,Process_Create,12084,process,null
8052,process,null,1621024740.392,Process_Create,4386,process,null
8053,process,null,1621026540.401,Process_Create,4387,process,null
8053,process,null,1621026540.401,Process_Create,12087,process,null
8054,process,null,1620871740.135,Process_Create,12090,process,null
8054,process,null,1620871740.135,Process_Create,4388,process,null
8055,process,null,1621028340.407,Process_Create,4389,process,null
8055,process,null,1621028340.407,Process_Create,12093,process,null
8056,process,null,1621030140.141,Process_Create,4390,process,null
8056,process,null,1621030140.141,Process_Create,12096,process,null
8057,process,null,1621031940.147,Process_Create,12099,process,null
8057,process,null,1621031940.147,Process_Create,4393,process,null
8058,process,null,1621033740.393,Process_Create,4395,process,null
8058,process,null,1621033740.393,Process_Create,12102,process,null
8059,process,null,1621035540.387,Process_Create,12105,process,null
8059,process,null,1621035540.387,Process_Create,4398,process,null
8060,process,null,1621037340.393,Process_Create,12108,process,null
8060,process,null,1621037340.393,Process_Create,4401,process,null
8061,process,null,1621039140.139,Process_Create,4403,process,null
8061,process,null,1621039140.139,Process_Create,12111,process,null
8062,process,null,1621040940.148,Process_Create,12114,process,null
8062,process,null,1621040940.148,Process_Create,4406,process,null
8063,process,null,1621042740.398,Process_Create,4408,process,null
8063,process,null,1621042740.398,Process_Create,12117,process,null
8064,process,null,1620873540.401,Process_Create,4411,process,null
8064,process,null,1620873540.401,Process_Create,12123,process,null
8065,process,null,1621044540.135,Process_Create,4410,process,null
8065,process,null,1621044540.135,Process_Create,12122,process,null
8066,process,null,1621046340.085,Process_Create,4414,process,null
8066,process,null,1621046340.085,Process_Create,12126,process,null
8067,process,null,1621048140.386,Process_Create,4416,process,null
8067,process,null,1621048140.386,Process_Create,12129,process,null
8068,process,null,1621049940.391,Process_Create,12132,process,null
8068,process,null,1621049940.391,Process_Create,4418,process,null
8069,process,null,1621051740.149,Process_Create,12135,process,null
8069,process,null,1621051740.149,Process_Create,4422,process,null
8070,process,null,1621053540.394,Process_Create,4423,process,null
8070,process,null,1621053540.394,Process_Create,12138,process,null
8071,process,null,1621055340.392,Process_Create,12141,process,null
8071,process,null,1621055340.392,Process_Create,4424,process,null
8072,process,null,1621057140.393,Process_Create,12144,process,null
8072,process,null,1621057140.393,Process_Create,4425,process,null
8073,process,null,1621058940.147,Process_Create,4426,process,null
8073,process,null,1621058940.147,Process_Create,12147,process,null
8074,process,null,1621060740.136,Process_Create,4428,process,null
8074,process,null,1621060740.136,Process_Create,12151,process,null
8075,process,null,1620875340.146,Process_Create,12154,process,null
8075,process,null,1620875340.146,Process_Create,4429,process,null
8076,process,null,1621062540.146,Process_Create,4430,process,null
8076,process,null,1621062540.146,Process_Create,12157,process,null
8077,process,null,1621064340.388,Process_Create,4431,process,null
8077,process,null,1621064340.388,Process_Create,12160,process,null
8078,process,null,1621066140.389,Process_Create,12163,process,null
8078,process,null,1621066140.389,Process_Create,4432,process,null
8079,process,null,1621067940.143,Process_Create,4433,process,null
8079,process,null,1621067940.143,Process_Create,12166,process,null
8080,process,null,1621069740.393,Process_Create,12169,process,null
8080,process,null,1621069740.393,Process_Create,4434,process,null
8081,process,null,1621071540.143,Process_Create,12172,process,null
8081,process,null,1621071540.143,Process_Create,4435,process,null
8082,process,null,1621073340.392,Process_Create,12175,process,null
8082,process,null,1621073340.392,Process_Create,4436,process,null
8083,process,null,1621075140.39,Process_Create,4437,process,null
8083,process,null,1621075140.39,Process_Create,12178,process,null
8084,process,null,1621076940.403,Process_Create,12181,process,null
8084,process,null,1621076940.403,Process_Create,4438,process,null
8085,process,null,1621078740.121,Process_Create,4439,process,null
8085,process,null,1621078740.121,Process_Create,12184,process,null
8086,process,null,1620877140.147,Process_Create,4440,process,null
8086,process,null,1620877140.147,Process_Create,12187,process,null
8087,process,null,1621080540.138,Process_Create,12190,process,null
8087,process,null,1621080540.138,Process_Create,4441,process,null
8088,process,null,1621082340.4,Process_Create,12193,process,null
8088,process,null,1621082340.4,Process_Create,4442,process,null
8089,process,null,1621084140.393,Process_Create,12196,process,null
8089,process,null,1621084140.393,Process_Create,4443,process,null
8090,process,null,1621085940.139,Process_Create,12199,process,null
8090,process,null,1621085940.139,Process_Create,4444,process,null
8091,process,null,1621087740.4,Process_Create,12202,process,null
8091,process,null,1621087740.4,Process_Create,4445,process,null
8092,process,null,1621089540.138,Process_Create,12205,process,null
8092,process,null,1621089540.138,Process_Create,4446,process,null
8093,process,null,1621091340.14,Process_Create,12208,process,null
8093,process,null,1621091340.14,Process_Create,4447,process,null
8094,process,null,1621093140.39,Process_Create,4448,process,null
8094,process,null,1621093140.39,Process_Create,12211,process,null
8095,process,null,1621094940.139,Process_Create,12214,process,null
8095,process,null,1621094940.139,Process_Create,4449,process,null
8096,process,null,1621096740.141,Process_Create,4450,process,null
8096,process,null,1621096740.141,Process_Create,12217,process,null
8097,process,null,1620878940.149,Process_Create,4451,process,null
8097,process,null,1620878940.149,Process_Create,12220,process,null
8098,process,null,1621098541.395,Process_Create,12223,process,null
8098,process,null,1621098541.395,Process_Create,4452,process,null
8099,process,null,1621100340.405,Process_Create,4453,process,null
8099,process,null,1621100340.405,Process_Create,12226,process,null
8100,process,null,1621102140.404,Process_Create,12229,process,null
8100,process,null,1621102140.404,Process_Create,4454,process,null
8101,process,null,1621103940.401,Process_Create,12232,process,null
8101,process,null,1621103940.401,Process_Create,4455,process,null
8103,process,null,1621105740.403,Process_Create,4457,process,null
8103,process,null,1621105740.403,Process_Create,12237,process,null
8104,process,null,1621107540.393,Process_Create,4458,process,null
8104,process,null,1621107540.393,Process_Create,12241,process,null
8105,process,null,1621109340.399,Process_Create,12244,process,null
8105,process,null,1621109340.399,Process_Create,4459,process,null
8106,process,null,1621111140.145,Process_Create,12247,process,null
8106,process,null,1621111140.145,Process_Create,4460,process,null
8107,process,null,1621112940.147,Process_Create,4461,process,null
8107,process,null,1621112940.147,Process_Create,12250,process,null
8108,process,null,1621114740.153,Process_Create,4462,process,null
8108,process,null,1621114740.153,Process_Create,12253,process,null
8109,process,null,1620880740.39,Process_Create,12256,process,null
8109,process,null,1620880740.39,Process_Create,4463,process,null
8110,process,null,1621116540.403,Process_Create,4464,process,null
8110,process,null,1621116540.403,Process_Create,12259,process,null
8111,process,null,1621118340.145,Process_Create,12262,process,null
8111,process,null,1621118340.145,Process_Create,4465,process,null
8112,process,null,1621120140.138,Process_Create,12265,process,null
8112,process,null,1621120140.138,Process_Create,4466,process,null
8113,process,null,1621121940.14,Process_Create,4467,process,null
8113,process,null,1621121940.14,Process_Create,12268,process,null
8114,process,null,1621123740.142,Process_Create,12271,process,null
8114,process,null,1621123740.142,Process_Create,4468,process,null
8115,process,null,1621125540.144,Process_Create,4469,process,null
8115,process,null,1621125540.144,Process_Create,12274,process,null
8116,process,null,1621127340.393,Process_Create,4470,process,null
8116,process,null,1621127340.393,Process_Create,12277,process,null
8117,process,null,1621129140.386,Process_Create,4471,process,null
8117,process,null,1621129140.386,Process_Create,12280,process,null
8118,process,null,1621130940.4,Process_Create,12283,process,null
8118,process,null,1621130940.4,Process_Create,4472,process,null
8119,process,null,1621132740.401,Process_Create,4473,process,null
8119,process,null,1621132740.401,Process_Create,12286,process,null
8120,process,null,1620882540.395,Process_Create,4474,process,null
8120,process,null,1620882540.395,Process_Create,12289,process,null
8121,process,null,1621134540.15,Process_Create,4475,process,null
8121,process,null,1621134540.15,Process_Create,12292,process,null
8122,process,null,1621136340.396,Process_Create,12295,process,null
8122,process,null,1621136340.396,Process_Create,4476,process,null
8123,process,null,1621138140.397,Process_Create,4477,process,null
8123,process,null,1621138140.397,Process_Create,12298,process,null
8124,process,null,1621139940.395,Process_Create,12301,process,null
8124,process,null,1621139940.395,Process_Create,4478,process,null
8125,process,null,1621141740.396,Process_Create,4479,process,null
8125,process,null,1621141740.396,Process_Create,12304,process,null
8126,process,null,1621143540.138,Process_Create,12307,process,null
8126,process,null,1621143540.138,Process_Create,4480,process,null
8127,process,null,1621145340.396,Process_Create,12310,process,null
8127,process,null,1621145340.396,Process_Create,4481,process,null
8128,process,null,1621147140.394,Process_Create,4482,process,null
8128,process,null,1621147140.394,Process_Create,12314,process,null
8129,process,null,1621148940.148,Process_Create,4484,process,null
8129,process,null,1621148940.148,Process_Create,12317,process,null
8130,process,null,1621150740.142,Process_Create,12320,process,null
8130,process,null,1621150740.142,Process_Create,4485,process,null
8131,process,null,1620884340.141,Process_Create,12323,process,null
8131,process,null,1620884340.141,Process_Create,4486,process,null
8132,process,null,1621152540.391,Process_Create,12326,process,null
8132,process,null,1621152540.391,Process_Create,4487,process,null
8133,process,null,1621154340.145,Process_Create,12329,process,null
8133,process,null,1621154340.145,Process_Create,4488,process,null
8134,process,null,1621156140.406,Process_Create,12332,process,null
8134,process,null,1621156140.406,Process_Create,4489,process,null
8135,process,null,1621157940.392,Process_Create,4490,process,null
8135,process,null,1621157940.392,Process_Create,12335,process,null
8136,process,null,1621159740.389,Process_Create,12338,process,null
8136,process,null,1621159740.389,Process_Create,4491,process,null
8137,process,null,1621161540.142,Process_Create,4492,process,null
8137,process,null,1621161540.142,Process_Create,12341,process,null
8138,process,null,1621163340.151,Process_Create,12344,process,null
8138,process,null,1621163340.151,Process_Create,4493,process,null
8139,process,null,1621165140.145,Process_Create,4494,process,null
8139,process,null,1621165140.145,Process_Create,12347,process,null
8140,process,null,1621166940.394,Process_Create,4495,process,null
8140,process,null,1621166940.394,Process_Create,12350,process,null
8141,process,null,1620886140.39,Process_Create,12356,process,null
8141,process,null,1620886140.39,Process_Create,4496,process,null
8142,process,null,1621168740.392,Process_Create,4497,process,null
8142,process,null,1621168740.392,Process_Create,12355,process,null
8143,process,null,1621170540.393,Process_Create,12359,process,null
8143,process,null,1621170540.393,Process_Create,4498,process,null
8144,process,null,1621172340.139,Process_Create,4499,process,null
8144,process,null,1621172340.139,Process_Create,12362,process,null
8145,process,null,1621174140.141,Process_Create,12365,process,null
8145,process,null,1621174140.141,Process_Create,4500,process,null
8146,process,null,1621175940.392,Process_Create,4501,process,null
8146,process,null,1621175940.392,Process_Create,12368,process,null
8147,process,null,1621177740.142,Process_Create,12371,process,null
8147,process,null,1621177740.142,Process_Create,4502,process,null
8148,process,null,1621179540.392,Process_Create,4503,process,null
8148,process,null,1621179540.392,Process_Create,12374,process,null
8149,process,null,1621181340.141,Process_Create,12378,process,null
8149,process,null,1621181340.141,Process_Create,4504,process,null
8150,process,null,1621183140.151,Process_Create,4505,process,null
8150,process,null,1621183140.151,Process_Create,12381,process,null
8151,process,null,1621184940.141,Process_Create,4506,process,null
8151,process,null,1621184940.141,Process_Create,12384,process,null
8152,process,null,1621186740.143,Process_Create,4507,process,null
8152,process,null,1621186740.143,Process_Create,12387,process,null
8153,process,null,1621188540.392,Process_Create,12390,process,null
8153,process,null,1621188540.392,Process_Create,4508,process,null
8154,process,null,1620887940.152,Process_Create,4509,process,null
8154,process,null,1620887940.152,Process_Create,12393,process,null
8155,process,null,1621190340.137,Process_Create,4510,process,null
8155,process,null,1621190340.137,Process_Create,12396,process,null
8156,process,null,1621192140.39,Process_Create,4511,process,null
8156,process,null,1621192140.39,Process_Create,12399,process,null
8157,process,null,1621193940.396,Process_Create,4512,process,null
8157,process,null,1621193940.396,Process_Create,12402,process,null
8158,process,null,1621195740.393,Process_Create,4513,process,null
8158,process,null,1621195740.393,Process_Create,12405,process,null
8159,process,null,1621197540.391,Process_Create,12408,process,null
8159,process,null,1621197540.391,Process_Create,4514,process,null
8160,process,null,1621199340.144,Process_Create,12411,process,null
8160,process,null,1621199340.144,Process_Create,4515,process,null
8161,process,null,1621201140.142,Process_Create,12414,process,null
8161,process,null,1621201140.142,Process_Create,4516,process,null
8162,process,null,1621202940.145,Process_Create,12417,process,null
8162,process,null,1621202940.145,Process_Create,4517,process,null
8163,process,null,1621204740.143,Process_Create,12420,process,null
8163,process,null,1621204740.143,Process_Create,4518,process,null
8164,process,null,1621206540.141,Process_Create,4519,process,null
8164,process,null,1621206540.141,Process_Create,12423,process,null
8165,process,null,1620889740.385,Process_Create,12426,process,null
8165,process,null,1620889740.385,Process_Create,4520,process,null
8166,process,null,1621208340.403,Process_Create,4521,process,null
8166,process,null,1621208340.403,Process_Create,12429,process,null
8167,process,null,1621210140.397,Process_Create,4522,process,null
8167,process,null,1621210140.397,Process_Create,12432,process,null
8168,process,null,1621211940.151,Process_Create,12435,process,null
8168,process,null,1621211940.151,Process_Create,4523,process,null
8169,process,null,1621213740.148,Process_Create,12438,process,null
8169,process,null,1621213740.148,Process_Create,4524,process,null
8170,process,null,1621215540.15,Process_Create,12441,process,null
8170,process,null,1621215540.15,Process_Create,4525,process,null
8171,process,null,1621217340.391,Process_Create,4526,process,null
8171,process,null,1621217340.391,Process_Create,12444,process,null
8172,process,null,1621219140.389,Process_Create,12447,process,null
8172,process,null,1621219140.389,Process_Create,4527,process,null
8173,process,null,1621220940.146,Process_Create,12450,process,null
8173,process,null,1621220940.146,Process_Create,4528,process,null
8174,process,null,1621222740.143,Process_Create,4529,process,null
8174,process,null,1621222740.143,Process_Create,12453,process,null
8175,process,null,1621224540.145,Process_Create,12456,process,null
8175,process,null,1621224540.145,Process_Create,4530,process,null
8176,process,null,1620891540.395,Process_Create,12459,process,null
8176,process,null,1620891540.395,Process_Create,4531,process,null
8177,process,null,1621226340.138,Process_Create,12462,process,null
8177,process,null,1621226340.138,Process_Create,4532,process,null
8178,process,null,1621228140.392,Process_Create,12465,process,null
8178,process,null,1621228140.392,Process_Create,4533,process,null
8179,process,null,1621229940.389,Process_Create,12468,process,null
8179,process,null,1621229940.389,Process_Create,4534,process,null
8180,process,null,1621231740.143,Process_Create,4535,process,null
8180,process,null,1621231740.143,Process_Create,12471,process,null
8181,process,null,1621233540.137,Process_Create,12475,process,null
8181,process,null,1621233540.137,Process_Create,4536,process,null
8182,process,null,1621235340.143,Process_Create,4537,process,null
8182,process,null,1621235340.143,Process_Create,12478,process,null
8183,process,null,1621237140.393,Process_Create,4538,process,null
8183,process,null,1621237140.393,Process_Create,12481,process,null
8184,process,null,1621238940.395,Process_Create,12484,process,null
8184,process,null,1621238940.395,Process_Create,4539,process,null
8185,process,null,1621240740.405,Process_Create,12487,process,null
8185,process,null,1621240740.405,Process_Create,4540,process,null
8186,process,null,1621242540.142,Process_Create,4541,process,null
8186,process,null,1621242540.142,Process_Create,12490,process,null
8187,process,null,1620893340.157,Process_Create,12493,process,null
8187,process,null,1620893340.157,Process_Create,4542,process,null
8188,process,null,1621244340.396,Process_Create,12496,process,null
8188,process,null,1621244340.396,Process_Create,4543,process,null
8189,process,null,1621246140.398,Process_Create,4544,process,null
8189,process,null,1621246140.398,Process_Create,12499,process,null
8190,process,null,1621247940.151,Process_Create,4545,process,null
8190,process,null,1621247940.151,Process_Create,12502,process,null
8191,process,null,1621249740.141,Process_Create,12505,process,null
8191,process,null,1621249740.141,Process_Create,4546,process,null
8192,process,null,1621251540.395,Process_Create,4547,process,null
8192,process,null,1621251540.395,Process_Create,12508,process,null
8193,process,null,1621253340.392,Process_Create,12511,process,null
8193,process,null,1621253340.392,Process_Create,4548,process,null
8194,process,null,1621255140.142,Process_Create,4549,process,null
8194,process,null,1621255140.142,Process_Create,12514,process,null
8195,process,null,1621256940.143,Process_Create,4550,process,null
8195,process,null,1621256940.143,Process_Create,12517,process,null
8196,process,null,1621258740.393,Process_Create,4551,process,null
8196,process,null,1621258740.393,Process_Create,12520,process,null
8197,process,null,1621260540.406,Process_Create,12523,process,null
8197,process,null,1621260540.406,Process_Create,4552,process,null
8198,process,null,1620895140.147,Process_Create,12526,process,null
8198,process,null,1620895140.147,Process_Create,4553,process,null
8199,process,null,1621262340.388,Process_Create,4554,process,null
8199,process,null,1621262340.388,Process_Create,12529,process,null
8200,process,null,1621264141.145,Process_Create,12532,process,null
8200,process,null,1621264141.145,Process_Create,4555,process,null
8201,process,null,1621265940.147,Process_Create,12535,process,null
8201,process,null,1621265940.147,Process_Create,4556,process,null
8202,process,null,1621267740.149,Process_Create,12538,process,null
8202,process,null,1621267740.149,Process_Create,4557,process,null
8203,process,null,1621269540.406,Process_Create,4558,process,null
8203,process,null,1621269540.406,Process_Create,12541,process,null
8204,process,null,1621271340.392,Process_Create,4559,process,null
8204,process,null,1621271340.392,Process_Create,12544,process,null
8205,process,null,1620896940.149,Process_Create,12547,process,null
8205,process,null,1620896940.149,Process_Create,4560,process,null
8206,process,null,1620859140.145,Process_Create,12550,process,null
8206,process,null,1620859140.145,Process_Create,4561,process,null
8207,process,null,1620898740.39,Process_Create,4562,process,null
8207,process,null,1620898740.39,Process_Create,12553,process,null
8208,process,null,1620900540.168,Process_Create,4563,process,null
8208,process,null,1620900540.168,Process_Create,12556,process,null
8209,process,null,1620902340.39,Process_Create,4564,process,null
8209,process,null,1620902340.39,Process_Create,12559,process,null
8210,process,null,1620904140.396,Process_Create,4565,process,null
8210,process,null,1620904140.396,Process_Create,12562,process,null
8211,process,null,1620905940.146,Process_Create,4566,process,null
8211,process,null,1620905940.146,Process_Create,12565,process,null
8212,process,null,1620907740.148,Process_Create,4567,process,null
8212,process,null,1620907740.148,Process_Create,12568,process,null
8213,process,null,1620909540.149,Process_Create,12571,process,null
8213,process,null,1620909540.149,Process_Create,4568,process,null
8214,process,null,1620911340.407,Process_Create,4569,process,null
8214,process,null,1620911340.407,Process_Create,12574,process,null
8215,process,null,1620913140.401,Process_Create,12577,process,null
8215,process,null,1620913140.401,Process_Create,4570,process,null
8216,process,null,1620914940.146,Process_Create,12580,process,null
8216,process,null,1620914940.146,Process_Create,4571,process,null
8217,process,null,1620916740.152,Process_Create,4572,process,null
8217,process,null,1620916740.152,Process_Create,12583,process,null
8218,process,null,1620860940.146,Process_Create,4573,process,null
8218,process,null,1620860940.146,Process_Create,12586,process,null
8219,process,null,1620918540.137,Process_Create,4574,process,null
8219,process,null,1620918540.137,Process_Create,12589,process,null
8220,process,null,1620920340.403,Process_Create,4575,process,null
8220,process,null,1620920340.403,Process_Create,12592,process,null
8221,process,null,1620922140.148,Process_Create,4576,process,null
8221,process,null,1620922140.148,Process_Create,12595,process,null
8222,process,null,1620923940.422,Process_Create,12598,process,null
8222,process,null,1620923940.422,Process_Create,4577,process,null
8223,process,null,1620925740.143,Process_Create,4578,process,null
8223,process,null,1620925740.143,Process_Create,12601,process,null
8224,process,null,1620927540.389,Process_Create,12604,process,null
8224,process,null,1620927540.389,Process_Create,4579,process,null
8225,process,null,1620929340.399,Process_Create,12607,process,null
8225,process,null,1620929340.399,Process_Create,4580,process,null
8226,process,null,1620931140.149,Process_Create,12610,process,null
8226,process,null,1620931140.149,Process_Create,4581,process,null
8227,process,null,1620932941.647,Process_Create,4582,process,null
8227,process,null,1620932941.647,Process_Create,12613,process,null
8228,process,null,1620934740.144,Process_Create,12616,process,null
8228,process,null,1620934740.144,Process_Create,4583,process,null
8229,process,null,1620862740.396,Process_Create,4584,process,null
8229,process,null,1620862740.396,Process_Create,12619,process,null
8230,process,null,1620936540.398,Process_Create,12622,process,null
8230,process,null,1620936540.398,Process_Create,4585,process,null
8231,process,null,1620938340.144,Process_Create,4586,process,null
8231,process,null,1620938340.144,Process_Create,12625,process,null
8232,process,null,1620940140.146,Process_Create,12628,process,null
8232,process,null,1620940140.146,Process_Create,4587,process,null
8233,process,null,1620941940.396,Process_Create,12631,process,null
8233,process,null,1620941940.396,Process_Create,4588,process,null
8234,process,null,1620943740.389,Process_Create,12634,process,null
8234,process,null,1620943740.389,Process_Create,4589,process,null
8235,process,null,1620945540.391,Process_Create,4590,process,null
8235,process,null,1620945540.391,Process_Create,12637,process,null
8236,process,null,1620947340.144,Process_Create,12640,process,null
8236,process,null,1620947340.144,Process_Create,4591,process,null
8237,process,null,1620949140.15,Process_Create,4592,process,null
8237,process,null,1620949140.15,Process_Create,12643,process,null
8238,process,null,1620950940.147,Process_Create,4593,process,null
8238,process,null,1620950940.147,Process_Create,12646,process,null
8239,process,null,1620952740.392,Process_Create,4594,process,null
8239,process,null,1620952740.392,Process_Create,12649,process,null
8240,process,null,1620864540.138,Process_Create,4595,process,null
8240,process,null,1620864540.138,Process_Create,12652,process,null
8241,process,null,1620954540.397,Process_Create,4596,process,null
8241,process,null,1620954540.397,Process_Create,12655,process,null
8242,process,null,1620956340.399,Process_Create,12658,process,null
8242,process,null,1620956340.399,Process_Create,4597,process,null
8243,process,null,1620958140.149,Process_Create,4598,process,null
8243,process,null,1620958140.149,Process_Create,12661,process,null
8244,process,null,1620959940.139,Process_Create,12664,process,null
8244,process,null,1620959940.139,Process_Create,4599,process,null
8245,process,null,1620961740.144,Process_Create,4600,process,null
8245,process,null,1620961740.144,Process_Create,12667,process,null
8246,process,null,1620963540.142,Process_Create,4601,process,null
8246,process,null,1620963540.142,Process_Create,12670,process,null
8247,process,null,1620965340.4,Process_Create,12673,process,null
8247,process,null,1620965340.4,Process_Create,4602,process,null
8248,process,null,1620967140.385,Process_Create,4603,process,null
8248,process,null,1620967140.385,Process_Create,12676,process,null
8249,process,null,1620968940.143,Process_Create,12679,process,null
8249,process,null,1620968940.143,Process_Create,4604,process,null
8250,process,null,1620970740.388,Process_Create,12682,process,null
8250,process,null,1620970740.388,Process_Create,4605,process,null
8251,process,null,1620866340.387,Process_Create,12685,process,null
8251,process,null,1620866340.387,Process_Create,4606,process,null
8252,process,null,1620972540.394,Process_Create,12688,process,null
8252,process,null,1620972540.394,Process_Create,4607,process,null
8253,process,null,1620974340.139,Process_Create,12692,process,null
8253,process,null,1620974340.139,Process_Create,4608,process,null
8254,process,null,1620976140.148,Process_Create,12695,process,null
8254,process,null,1620976140.148,Process_Create,4609,process,null
8255,process,null,1620977940.142,Process_Create,4610,process,null
8255,process,null,1620977940.142,Process_Create,12698,process,null
8256,process,null,1620979740.391,Process_Create,4611,process,null
8256,process,null,1620979740.391,Process_Create,12701,process,null
8257,process,null,1620981540.392,Process_Create,12704,process,null
8257,process,null,1620981540.392,Process_Create,4612,process,null
8258,process,null,1620983340.405,Process_Create,12707,process,null
8258,process,null,1620983340.405,Process_Create,4613,process,null
8259,process,null,1620985140.394,Process_Create,12710,process,null
8259,process,null,1620985140.394,Process_Create,4614,process,null
8260,process,null,1620986940.144,Process_Create,4615,process,null
8260,process,null,1620986940.144,Process_Create,12713,process,null
8261,process,null,1620988740.141,Process_Create,4616,process,null
8261,process,null,1620988740.141,Process_Create,12716,process,null
8262,process,null,1620868140.141,Process_Create,12719,process,null
8262,process,null,1620868140.141,Process_Create,4617,process,null
8263,process,null,1620990540.415,Process_Create,12722,process,null
8263,process,null,1620990540.415,Process_Create,4618,process,null
8264,process,null,1620992340.397,Process_Create,12725,process,null
8264,process,null,1620992340.397,Process_Create,4619,process,null
8265,process,null,1620994140.146,Process_Create,4620,process,null
8265,process,null,1620994140.146,Process_Create,12728,process,null
8266,process,null,1620995940.152,Process_Create,4621,process,null
8266,process,null,1620995940.152,Process_Create,12731,process,null
8267,process,null,1620997740.158,Process_Create,12734,process,null
8267,process,null,1620997740.158,Process_Create,4622,process,null
8268,process,null,1620999540.396,Process_Create,12737,process,null
8268,process,null,1620999540.396,Process_Create,4623,process,null
8269,process,null,1621001340.41,Process_Create,4624,process,null
8269,process,null,1621001340.41,Process_Create,12740,process,null
8270,process,null,1621003140.16,Process_Create,12743,process,null
8270,process,null,1621003140.16,Process_Create,4625,process,null
8271,process,null,1621004940.15,Process_Create,4626,process,null
8271,process,null,1621004940.15,Process_Create,12746,process,null
8272,process,null,1621006740.396,Process_Create,4627,process,null
8272,process,null,1621006740.396,Process_Create,12749,process,null
8273,process,null,1621008540.394,Process_Create,12752,process,null
8273,process,null,1621008540.394,Process_Create,4628,process,null
8274,process,null,1620869940.142,Process_Create,12755,process,null
8274,process,null,1620869940.142,Process_Create,4629,process,null
8556,process,null,1621147621.949,Process_Create,21978,process,null
8556,process,null,1621147621.949,Process_Create,4483,process,null
8556,process,null,1621147621.949,Process_Create,3708,process,null
8606,process,null,1621036802.081,Process_Create,21987,process,null
8607,process,null,1621123202.086,Process_Create,22007,process,null
8608,process,null,1621123202.386,Process_Create,22008,process,null
8609,process,null,1621209602.877,Process_Create,22025,process,null
8610,process,null,1620864002.078,Process_Create,22048,process,null
8611,process,null,1620950400.671,Process_Create,22056,process,null
8632,process,null,1621059901.584,Process_Create,7361,process,null
8632,process,null,1621059901.584,Process_Create,2337,process,null
8632,process,null,1621059901.584,Process_Create,2905,process,null
8632,process,null,1621059901.584,Process_Create,25824,process,null
8632,process,null,1621059901.584,Process_Create,2376,process,null
8632,process,null,1621059901.584,Process_Create,3914,process,null
8632,process,null,1621059901.584,Process_Create,7403,process,null
8632,process,null,1621059901.584,Process_Create,3126,process,null
8632,process,null,1621059901.584,Process_Create,7455,process,null
8632,process,null,1621059901.584,Process_Create,2381,process,null
8632,process,null,1621059901.584,Process_Create,8539,process,null
8653,process,null,1620887101.679,Process_Create,2848,process,null
8653,process,null,1620887101.679,Process_Create,2843,process,null
8653,process,null,1620887101.679,Process_Create,26105,process,null
8653,process,null,1620887101.679,Process_Create,7456,process,null
8653,process,null,1620887101.679,Process_Create,2341,process,null
8653,process,null,1620887101.679,Process_Create,7404,process,null
8653,process,null,1620887101.679,Process_Create,2906,process,null
8653,process,null,1620887101.679,Process_Create,8541,process,null
8653,process,null,1620887101.679,Process_Create,7362,process,null
8653,process,null,1620887101.679,Process_Create,3996,process,null
8653,process,null,1620887101.679,Process_Create,7577,process,null
8695,process,null,1620973501.198,Process_Create,2344,process,null
8695,process,null,1620973501.198,Process_Create,7458,process,null
8695,process,null,1620973501.198,Process_Create,4073,process,null
8695,process,null,1620973501.198,Process_Create,7366,process,null
8695,process,null,1620973501.198,Process_Create,7407,process,null
8695,process,null,1620973501.198,Process_Create,8544,process,null
8695,process,null,1620973501.198,Process_Create,2849,process,null
8695,process,null,1620973501.198,Process_Create,2844,process,null
8695,process,null,1620973501.198,Process_Create,26106,process,null
8695,process,null,1620973501.198,Process_Create,2908,process,null
8695,process,null,1620973501.198,Process_Create,7578,process,null
8701,process,null,1621146301.766,Process_Create,3127,process,null
8701,process,null,1621146301.766,Process_Create,7365,process,null
8701,process,null,1621146301.766,Process_Create,7457,process,null
8701,process,null,1621146301.766,Process_Create,4018,process,null
8701,process,null,1621146301.766,Process_Create,2377,process,null
8701,process,null,1621146301.766,Process_Create,7405,process,null
8701,process,null,1621146301.766,Process_Create,2907,process,null
8701,process,null,1621146301.766,Process_Create,2345,process,null
8701,process,null,1621146301.766,Process_Create,25825,process,null
8701,process,null,1621146301.766,Process_Create,2382,process,null
8701,process,null,1621146301.766,Process_Create,8543,process,null
8702,process,null,1621147621.697,Process_Create,25826,process,null
8702,process,null,1621147621.697,Process_Create,7406,process,null
8716,process,null,1620887101.592,Process_Create,2383,process,null
8716,process,null,1620887101.592,Process_Create,7408,process,null
8716,process,null,1620887101.592,Process_Create,7459,process,null
8716,process,null,1620887101.592,Process_Create,25827,process,null
8716,process,null,1620887101.592,Process_Create,2909,process,null
8716,process,null,1620887101.592,Process_Create,7368,process,null
8716,process,null,1620887101.592,Process_Create,2378,process,null
8716,process,null,1620887101.592,Process_Create,2346,process,null
8716,process,null,1620887101.592,Process_Create,3128,process,null
8716,process,null,1620887101.592,Process_Create,8545,process,null
8716,process,null,1620887101.592,Process_Create,4095,process,null
8742,process,null,1621059901.111,Process_Create,7409,process,null
8742,process,null,1621059901.111,Process_Create,26107,process,null
8742,process,null,1621059901.111,Process_Create,2347,process,null
8742,process,null,1621059901.111,Process_Create,2850,process,null
8742,process,null,1621059901.111,Process_Create,7460,process,null
8742,process,null,1621059901.111,Process_Create,4149,process,null
8742,process,null,1621059901.111,Process_Create,2910,process,null
8742,process,null,1621059901.111,Process_Create,8547,process,null
8742,process,null,1621059901.111,Process_Create,7370,process,null
8742,process,null,1621059901.111,Process_Create,7579,process,null
8742,process,null,1621059901.111,Process_Create,2845,process,null
8763,process,null,1621232701.233,Process_Create,7372,process,null
8763,process,null,1621232701.233,Process_Create,8548,process,null
8763,process,null,1621232701.233,Process_Create,3129,process,null
8763,process,null,1621232701.233,Process_Create,4171,process,null
8763,process,null,1621232701.233,Process_Create,2350,process,null
8763,process,null,1621232701.233,Process_Create,2384,process,null
8763,process,null,1621232701.233,Process_Create,2379,process,null
8763,process,null,1621232701.233,Process_Create,7461,process,null
8763,process,null,1621232701.233,Process_Create,25828,process,null
8763,process,null,1621232701.233,Process_Create,7410,process,null
8763,process,null,1621232701.233,Process_Create,2911,process,null
8784,process,null,1621146301.925,Process_Create,8549,process,null
8784,process,null,1621146301.925,Process_Create,7462,process,null
8784,process,null,1621146301.925,Process_Create,2351,process,null
8784,process,null,1621146301.925,Process_Create,4235,process,null
8784,process,null,1621146301.925,Process_Create,2912,process,null
8784,process,null,1621146301.925,Process_Create,7580,process,null
8784,process,null,1621146301.925,Process_Create,7373,process,null
8784,process,null,1621146301.925,Process_Create,2851,process,null
8784,process,null,1621146301.925,Process_Create,26108,process,null
8784,process,null,1621146301.925,Process_Create,2846,process,null
8784,process,null,1621146301.925,Process_Create,7412,process,null
8787,process,null,1621147621.932,Process_Create,7411,process,null
8787,process,null,1621147621.932,Process_Create,6562,process,null
8787,process,null,1621147621.932,Process_Create,6564,process,null
8829,process,null,1621232701.948,Process_Create,2357,process,null
8829,process,null,1621232701.948,Process_Create,2847,process,null
8829,process,null,1621232701.948,Process_Create,26109,process,null
8829,process,null,1621232701.948,Process_Create,2913,process,null
8829,process,null,1621232701.948,Process_Create,7581,process,null
8829,process,null,1621232701.948,Process_Create,2852,process,null
8829,process,null,1621232701.948,Process_Create,7375,process,null
8829,process,null,1621232701.948,Process_Create,4270,process,null
8829,process,null,1621232701.948,Process_Create,7463,process,null
8829,process,null,1621232701.948,Process_Create,7413,process,null
8829,process,null,1621232701.948,Process_Create,8550,process,null
8865,process,null,1620973501.987,Process_Create,4310,process,null
8865,process,null,1620973501.987,Process_Create,2914,process,null
8865,process,null,1620973501.987,Process_Create,25829,process,null
8865,process,null,1620973501.987,Process_Create,2385,process,null
8865,process,null,1620973501.987,Process_Create,7464,process,null
8865,process,null,1620973501.987,Process_Create,3130,process,null
8865,process,null,1620973501.987,Process_Create,7414,process,null
8865,process,null,1620973501.987,Process_Create,8552,process,null
8865,process,null,1620973501.987,Process_Create,2362,process,null
8865,process,null,1620973501.987,Process_Create,7379,process,null
8865,process,null,1620973501.987,Process_Create,2380,process,null
8887,process,null,1621059902.196,Process_Create,7472,process,null
8887,process,null,1621059902.196,Process_Create,3654,process,null
8887,process,null,1621059902.196,Process_Create,2865,process,null
8887,process,null,1621059902.196,Process_Create,6635,process,null
8887,process,null,1621059902.196,Process_Create,7470,process,null
8887,process,null,1621059902.196,Process_Create,3655,process,null
8887,process,null,1621059902.196,Process_Create,3862,process,null
8887,process,null,1621059902.196,Process_Create,8563,process,null
8887,process,null,1621059902.196,Process_Create,7471,process,null
8887,process,null,1621059902.196,Process_Create,2866,process,null
8887,process,null,1621059902.196,Process_Create,26114,process,null
8888,process,null,1621059902.968,Process_Create,7473,process,null
8888,process,null,1621059902.968,Process_Create,6636,process,null
8888,process,null,1621059902.968,Process_Create,2867,process,null
8888,process,null,1621059902.968,Process_Create,7474,process,null
8888,process,null,1621059902.968,Process_Create,8564,process,null
8888,process,null,1621059902.968,Process_Create,7475,process,null
8888,process,null,1621059902.968,Process_Create,3863,process,null
8888,process,null,1621059902.968,Process_Create,2868,process,null
8888,process,null,1621059902.968,Process_Create,3657,process,null
8888,process,null,1621059902.968,Process_Create,3656,process,null
8888,process,null,1621059902.968,Process_Create,26115,process,null
8889,process,null,1621059902.992,Process_Create,3864,process,null
8889,process,null,1621059902.992,Process_Create,3659,process,null
8889,process,null,1621059902.992,Process_Create,7477,process,null
8889,process,null,1621059902.992,Process_Create,6637,process,null
8889,process,null,1621059902.992,Process_Create,26116,process,null
8889,process,null,1621059902.992,Process_Create,7476,process,null
8889,process,null,1621059902.992,Process_Create,2869,process,null
8889,process,null,1621059902.992,Process_Create,3658,process,null
8889,process,null,1621059902.992,Process_Create,2870,process,null
8889,process,null,1621059902.992,Process_Create,8565,process,null
8889,process,null,1621059902.992,Process_Create,7478,process,null
8890,process,null,1620887102.323,Process_Create,2871,process,null
8890,process,null,1620887102.323,Process_Create,3676,process,null
8890,process,null,1620887102.323,Process_Create,26125,process,null
8890,process,null,1620887102.323,Process_Create,3677,process,null
8890,process,null,1620887102.323,Process_Create,8569,process,null
8890,process,null,1620887102.323,Process_Create,7480,process,null
8890,process,null,1620887102.323,Process_Create,2872,process,null
8890,process,null,1620887102.323,Process_Create,3865,process,null
8891,process,null,1620887664.739,Process_Create,2873,process,null
8891,process,null,1620887664.739,Process_Create,7481,process,null
8891,process,null,1620887664.739,Process_Create,2874,process,null
8891,process,null,1620887664.739,Process_Create,3866,process,null
8891,process,null,1620887664.739,Process_Create,8572,process,null
8891,process,null,1620887664.739,Process_Create,3689,process,null
8891,process,null,1620887664.739,Process_Create,26136,process,null
8891,process,null,1620887664.739,Process_Create,3688,process,null
8892,process,null,1621146302.09,Process_Create,3867,process,null
8892,process,null,1621146302.09,Process_Create,7485,process,null
8892,process,null,1621146302.09,Process_Create,8573,process,null
8892,process,null,1621146302.09,Process_Create,3696,process,null
8892,process,null,1621146302.09,Process_Create,2876,process,null
8892,process,null,1621146302.09,Process_Create,7484,process,null
8892,process,null,1621146302.09,Process_Create,6642,process,null
8892,process,null,1621146302.09,Process_Create,7483,process,null
8892,process,null,1621146302.09,Process_Create,7486,process,null
8892,process,null,1621146302.09,Process_Create,3695,process,null
8892,process,null,1621146302.09,Process_Create,26143,process,null
8892,process,null,1621146302.09,Process_Create,2875,process,null
8893,process,null,1621146302.298,Process_Create,7490,process,null
8893,process,null,1621146302.298,Process_Create,2877,process,null
8893,process,null,1621146302.298,Process_Create,3698,process,null
8893,process,null,1621146302.298,Process_Create,3697,process,null
8893,process,null,1621146302.298,Process_Create,7487,process,null
8893,process,null,1621146302.298,Process_Create,26144,process,null
8893,process,null,1621146302.298,Process_Create,8574,process,null
8893,process,null,1621146302.298,Process_Create,3868,process,null
8893,process,null,1621146302.298,Process_Create,7489,process,null
8893,process,null,1621146302.298,Process_Create,2878,process,null
8893,process,null,1621146302.298,Process_Create,7488,process,null
8893,process,null,1621146302.298,Process_Create,6643,process,null
8894,process,null,1621146302.326,Process_Create,6644,process,null
8894,process,null,1621146302.326,Process_Create,7494,process,null
8894,process,null,1621146302.326,Process_Create,7492,process,null
8894,process,null,1621146302.326,Process_Create,2879,process,null
8894,process,null,1621146302.326,Process_Create,3700,process,null
8894,process,null,1621146302.326,Process_Create,7493,process,null
8894,process,null,1621146302.326,Process_Create,7491,process,null
8894,process,null,1621146302.326,Process_Create,3699,process,null
8894,process,null,1621146302.326,Process_Create,8575,process,null
8894,process,null,1621146302.326,Process_Create,26145,process,null
8894,process,null,1621146302.326,Process_Create,3869,process,null
8894,process,null,1621146302.326,Process_Create,2880,process,null
8895,process,null,1620887105.172,Process_Create,3729,process,null
8895,process,null,1620887105.172,Process_Create,7496,process,null
8895,process,null,1620887105.172,Process_Create,3730,process,null
8895,process,null,1620887105.172,Process_Create,2881,process,null
8895,process,null,1620887105.172,Process_Create,2882,process,null
8895,process,null,1620887105.172,Process_Create,26159,process,null
8895,process,null,1620887105.172,Process_Create,8580,process,null
8895,process,null,1620887105.172,Process_Create,3870,process,null
8896,process,null,1620887105.196,Process_Create,7497,process,null
8896,process,null,1620887105.196,Process_Create,3731,process,null
8896,process,null,1620887105.196,Process_Create,3732,process,null
8896,process,null,1620887105.196,Process_Create,2884,process,null
8896,process,null,1620887105.196,Process_Create,3871,process,null
8896,process,null,1620887105.196,Process_Create,2883,process,null
8896,process,null,1620887105.196,Process_Create,26160,process,null
8896,process,null,1620887105.196,Process_Create,8581,process,null
8897,process,null,1620887105.332,Process_Create,3734,process,null
8897,process,null,1620887105.332,Process_Create,3872,process,null
8897,process,null,1620887105.332,Process_Create,2886,process,null
8897,process,null,1620887105.332,Process_Create,8582,process,null
8897,process,null,1620887105.332,Process_Create,7498,process,null
8897,process,null,1620887105.332,Process_Create,3733,process,null
8897,process,null,1620887105.332,Process_Create,2885,process,null
8897,process,null,1620887105.332,Process_Create,26161,process,null
8898,process,null,1620887108.544,Process_Create,3873,process,null
8898,process,null,1620887108.544,Process_Create,3735,process,null
8898,process,null,1620887108.544,Process_Create,2888,process,null
8898,process,null,1620887108.544,Process_Create,8583,process,null
8898,process,null,1620887108.544,Process_Create,7499,process,null
8898,process,null,1620887108.544,Process_Create,2887,process,null
8898,process,null,1620887108.544,Process_Create,26162,process,null
8898,process,null,1620887108.544,Process_Create,3736,process,null
8899,process,null,1621232701.353,Process_Create,26178,process,null
8899,process,null,1621232701.353,Process_Create,7501,process,null
8899,process,null,1621232701.353,Process_Create,7504,process,null
8899,process,null,1621232701.353,Process_Create,3763,process,null
8899,process,null,1621232701.353,Process_Create,6672,process,null
8899,process,null,1621232701.353,Process_Create,2890,process,null
8899,process,null,1621232701.353,Process_Create,3762,process,null
8899,process,null,1621232701.353,Process_Create,3874,process,null
8899,process,null,1621232701.353,Process_Create,7503,process,null
8899,process,null,1621232701.353,Process_Create,8587,process,null
8899,process,null,1621232701.353,Process_Create,7505,process,null
8899,process,null,1621232701.353,Process_Create,2889,process,null
8899,process,null,1621232701.353,Process_Create,7502,process,null
8900,process,null,1621232701.525,Process_Create,8588,process,null
8900,process,null,1621232701.525,Process_Create,2891,process,null
8900,process,null,1621232701.525,Process_Create,7508,process,null
8900,process,null,1621232701.525,Process_Create,2892,process,null
8900,process,null,1621232701.525,Process_Create,26179,process,null
8900,process,null,1621232701.525,Process_Create,3764,process,null
8900,process,null,1621232701.525,Process_Create,7506,process,null
8900,process,null,1621232701.525,Process_Create,3765,process,null
8900,process,null,1621232701.525,Process_Create,7507,process,null
8900,process,null,1621232701.525,Process_Create,3875,process,null
8900,process,null,1621232701.525,Process_Create,7509,process,null
8900,process,null,1621232701.525,Process_Create,7510,process,null
8900,process,null,1621232701.525,Process_Create,6673,process,null
8901,process,null,1621232701.561,Process_Create,26180,process,null
8901,process,null,1621232701.561,Process_Create,7511,process,null
8901,process,null,1621232701.561,Process_Create,3767,process,null
8901,process,null,1621232701.561,Process_Create,7515,process,null
8901,process,null,1621232701.561,Process_Create,2893,process,null
8901,process,null,1621232701.561,Process_Create,3876,process,null
8901,process,null,1621232701.561,Process_Create,7514,process,null
8901,process,null,1621232701.561,Process_Create,6674,process,null
8901,process,null,1621232701.561,Process_Create,7512,process,null
8901,process,null,1621232701.561,Process_Create,2894,process,null
8901,process,null,1621232701.561,Process_Create,8589,process,null
8901,process,null,1621232701.561,Process_Create,3766,process,null
8901,process,null,1621232701.561,Process_Create,7513,process,null
8902,process,null,1620859690.353,Process_Create,7518,process,null
8902,process,null,1620859690.353,Process_Create,7522,process,null
8902,process,null,1620859690.353,Process_Create,3804,process,null
8902,process,null,1620859690.353,Process_Create,2897,process,null
8902,process,null,1620859690.353,Process_Create,6677,process,null
8902,process,null,1620859690.353,Process_Create,7523,process,null
8902,process,null,1620859690.353,Process_Create,7524,process,null
8902,process,null,1620859690.353,Process_Create,7519,process,null
8902,process,null,1620859690.353,Process_Create,3805,process,null
8902,process,null,1620859690.353,Process_Create,2896,process,null
8902,process,null,1620859690.353,Process_Create,26205,process,null
8902,process,null,1620859690.353,Process_Create,7520,process,null
8902,process,null,1620859690.353,Process_Create,7521,process,null
8902,process,null,1620859690.353,Process_Create,8594,process,null
8902,process,null,1620859690.353,Process_Create,3878,process,null
8903,process,null,1620973502.071,Process_Create,26215,process,null
8903,process,null,1620973502.071,Process_Create,3823,process,null
8903,process,null,1620973502.071,Process_Create,2898,process,null
8903,process,null,1620973502.071,Process_Create,8601,process,null
8903,process,null,1620973502.071,Process_Create,3879,process,null
8903,process,null,1620973502.071,Process_Create,7525,process,null
8903,process,null,1620973502.071,Process_Create,3822,process,null
8903,process,null,1620973502.071,Process_Create,7526,process,null
8903,process,null,1620973502.071,Process_Create,2899,process,null
8903,process,null,1620973502.071,Process_Create,6682,process,null
8904,process,null,1620973502.155,Process_Create,26216,process,null
8904,process,null,1620973502.155,Process_Create,7527,process,null
8904,process,null,1620973502.155,Process_Create,6683,process,null
8904,process,null,1620973502.155,Process_Create,2901,process,null
8904,process,null,1620973502.155,Process_Create,3880,process,null
8904,process,null,1620973502.155,Process_Create,3824,process,null
8904,process,null,1620973502.155,Process_Create,2900,process,null
8904,process,null,1620973502.155,Process_Create,7528,process,null
8904,process,null,1620973502.155,Process_Create,3825,process,null
8904,process,null,1620973502.155,Process_Create,8602,process,null
8905,process,null,1620973502.175,Process_Create,2902,process,null
8905,process,null,1620973502.175,Process_Create,2903,process,null
8905,process,null,1620973502.175,Process_Create,3826,process,null
8905,process,null,1620973502.175,Process_Create,7529,process,null
8905,process,null,1620973502.175,Process_Create,7530,process,null
8905,process,null,1620973502.175,Process_Create,6684,process,null
8905,process,null,1620973502.175,Process_Create,26217,process,null
8905,process,null,1620973502.175,Process_Create,8603,process,null
8905,process,null,1620973502.175,Process_Create,3827,process,null
8905,process,null,1620973502.175,Process_Create,3881,process,null
10792,process,null,1621010340.383,Process_Create,12058,process,null
10792,process,null,1621010340.383,Process_Create,12059,process,null
10793,process,null,1621012140.393,Process_Create,12062,process,null
10793,process,null,1621012140.393,Process_Create,12061,process,null
10794,process,null,1621013940.131,Process_Create,12064,process,null
10794,process,null,1621013940.131,Process_Create,12065,process,null
10795,process,null,1621015740.632,Process_Create,12068,process,null
10795,process,null,1621015740.632,Process_Create,12067,process,null
10796,process,null,1621017540.134,Process_Create,12071,process,null
10796,process,null,1621017540.134,Process_Create,12070,process,null
10797,process,null,1621019340.135,Process_Create,12073,process,null
10797,process,null,1621019340.135,Process_Create,12074,process,null
10798,process,null,1621021140.141,Process_Create,12077,process,null
10798,process,null,1621021140.141,Process_Create,12076,process,null
10799,process,null,1621022940.382,Process_Create,12079,process,null
10799,process,null,1621022940.382,Process_Create,12080,process,null
10800,process,null,1621024740.384,Process_Create,12082,process,null
10800,process,null,1621024740.384,Process_Create,12083,process,null
10801,process,null,1620871740.127,Process_Create,12089,process,null
10801,process,null,1620871740.127,Process_Create,12088,process,null
10802,process,null,1621026540.389,Process_Create,12085,process,null
10802,process,null,1621026540.389,Process_Create,12086,process,null
10803,process,null,1621028340.387,Process_Create,12091,process,null
10803,process,null,1621028340.387,Process_Create,12092,process,null
10804,process,null,1621030140.129,Process_Create,12095,process,null
10804,process,null,1621030140.129,Process_Create,12094,process,null
10805,process,null,1621031940.131,Process_Create,12098,process,null
10805,process,null,1621031940.131,Process_Create,12097,process,null
10806,process,null,1621033740.377,Process_Create,12100,process,null
10806,process,null,1621033740.377,Process_Create,12101,process,null
10807,process,null,1621035540.379,Process_Create,12104,process,null
10807,process,null,1621035540.379,Process_Create,12103,process,null
10808,process,null,1621037340.381,Process_Create,12107,process,null
10808,process,null,1621037340.381,Process_Create,12106,process,null
10809,process,null,1621039140.131,Process_Create,12110,process,null
10809,process,null,1621039140.131,Process_Create,12109,process,null
10810,process,null,1621040940.132,Process_Create,12113,process,null
10810,process,null,1621040940.132,Process_Create,12112,process,null
10811,process,null,1621042740.386,Process_Create,12115,process,null
10811,process,null,1621042740.386,Process_Create,12116,process,null
10812,process,null,1620873540.389,Process_Create,12119,process,null
10812,process,null,1620873540.389,Process_Create,12118,process,null
10813,process,null,1621044540.131,Process_Create,12121,process,null
10813,process,null,1621044540.131,Process_Create,12120,process,null
10814,process,null,1621046340.073,Process_Create,12124,process,null
10814,process,null,1621046340.073,Process_Create,12125,process,null
10815,process,null,1621048140.378,Process_Create,12127,process,null
10815,process,null,1621048140.378,Process_Create,12128,process,null
10816,process,null,1621049940.383,Process_Create,12131,process,null
10816,process,null,1621049940.383,Process_Create,12130,process,null
10817,process,null,1621051740.133,Process_Create,12133,process,null
10817,process,null,1621051740.133,Process_Create,12134,process,null
10818,process,null,1621053540.382,Process_Create,12137,process,null
10818,process,null,1621053540.382,Process_Create,12136,process,null
10819,process,null,1621055340.38,Process_Create,12140,process,null
10819,process,null,1621055340.38,Process_Create,12139,process,null
10820,process,null,1621057140.377,Process_Create,12143,process,null
10820,process,null,1621057140.377,Process_Create,12142,process,null
10821,process,null,1621058940.131,Process_Create,12146,process,null
10821,process,null,1621058940.131,Process_Create,12145,process,null
10822,process,null,1621060740.128,Process_Create,12150,process,null
10822,process,null,1621060740.128,Process_Create,12149,process,null
10823,process,null,1620875340.13,Process_Create,12153,process,null
10823,process,null,1620875340.13,Process_Create,12152,process,null
10824,process,null,1621062540.13,Process_Create,12155,process,null
10824,process,null,1621062540.13,Process_Create,12156,process,null
10825,process,null,1621064340.38,Process_Create,12158,process,null
10825,process,null,1621064340.38,Process_Create,12159,process,null
10826,process,null,1621066140.377,Process_Create,12161,process,null
10826,process,null,1621066140.377,Process_Create,12162,process,null
10827,process,null,1621067940.135,Process_Create,12165,process,null
10827,process,null,1621067940.135,Process_Create,12164,process,null
10828,process,null,1621069740.381,Process_Create,12168,process,null
10828,process,null,1621069740.381,Process_Create,12167,process,null
10829,process,null,1621071540.131,Process_Create,12171,process,null
10829,process,null,1621071540.131,Process_Create,12170,process,null
10830,process,null,1621073340.38,Process_Create,12173,process,null
10830,process,null,1621073340.38,Process_Create,12174,process,null
10831,process,null,1621075140.378,Process_Create,12177,process,null
10831,process,null,1621075140.378,Process_Create,12176,process,null
10832,process,null,1621076940.387,Process_Create,12180,process,null
10832,process,null,1621076940.387,Process_Create,12179,process,null
10833,process,null,1621078740.113,Process_Create,12183,process,null
10833,process,null,1621078740.113,Process_Create,12182,process,null
10834,process,null,1620877140.131,Process_Create,12186,process,null
10834,process,null,1620877140.131,Process_Create,12185,process,null
10835,process,null,1621080540.126,Process_Create,12188,process,null
10835,process,null,1621080540.126,Process_Create,12189,process,null
10836,process,null,1621082340.384,Process_Create,12192,process,null
10836,process,null,1621082340.384,Process_Create,12191,process,null
10837,process,null,1621084140.381,Process_Create,12194,process,null
10837,process,null,1621084140.381,Process_Create,12195,process,null
10838,process,null,1621085940.131,Process_Create,12197,process,null
10838,process,null,1621085940.131,Process_Create,12198,process,null
10839,process,null,1621087740.38,Process_Create,12201,process,null
10839,process,null,1621087740.38,Process_Create,12200,process,null
10840,process,null,1621089540.13,Process_Create,12204,process,null
10840,process,null,1621089540.13,Process_Create,12203,process,null
10841,process,null,1621091340.132,Process_Create,12206,process,null
10841,process,null,1621091340.132,Process_Create,12207,process,null
10842,process,null,1621093140.382,Process_Create,12209,process,null
10842,process,null,1621093140.382,Process_Create,12210,process,null
10843,process,null,1621094940.131,Process_Create,12212,process,null
10843,process,null,1621094940.131,Process_Create,12213,process,null
10844,process,null,1621096740.129,Process_Create,12215,process,null
10844,process,null,1621096740.129,Process_Create,12216,process,null
10845,process,null,1620878940.137,Process_Create,12219,process,null
10845,process,null,1620878940.137,Process_Create,12218,process,null
10846,process,null,1621098541.383,Process_Create,12222,process,null
10846,process,null,1621098541.383,Process_Create,12221,process,null
10847,process,null,1621100340.385,Process_Create,12224,process,null
10847,process,null,1621100340.385,Process_Create,12225,process,null
10848,process,null,1621102140.392,Process_Create,12227,process,null
10848,process,null,1621102140.392,Process_Create,12228,process,null
10850,process,null,1621103940.385,Process_Create,12230,process,null
10850,process,null,1621103940.385,Process_Create,12231,process,null
10851,process,null,1621105740.391,Process_Create,12235,process,null
10851,process,null,1621105740.391,Process_Create,12236,process,null
10852,process,null,1621107540.385,Process_Create,12239,process,null
10852,process,null,1621107540.385,Process_Create,12240,process,null
10853,process,null,1621109340.387,Process_Create,12242,process,null
10853,process,null,1621109340.387,Process_Create,12243,process,null
10854,process,null,1621111140.133,Process_Create,12245,process,null
10854,process,null,1621111140.133,Process_Create,12246,process,null
10855,process,null,1621112940.131,Process_Create,12248,process,null
10855,process,null,1621112940.131,Process_Create,12249,process,null
10856,process,null,1621114740.141,Process_Create,12252,process,null
10856,process,null,1621114740.141,Process_Create,12251,process,null
10857,process,null,1620880740.378,Process_Create,12255,process,null
10857,process,null,1620880740.378,Process_Create,12254,process,null
10858,process,null,1621116540.387,Process_Create,12257,process,null
10858,process,null,1621116540.387,Process_Create,12258,process,null
10859,process,null,1621118340.133,Process_Create,12261,process,null
10859,process,null,1621118340.133,Process_Create,12260,process,null
10860,process,null,1621120140.13,Process_Create,12263,process,null
10860,process,null,1621120140.13,Process_Create,12264,process,null
10861,process,null,1621121940.128,Process_Create,12267,process,null
10861,process,null,1621121940.128,Process_Create,12266,process,null
10862,process,null,1621123740.13,Process_Create,12270,process,null
10862,process,null,1621123740.13,Process_Create,12269,process,null
10863,process,null,1621125540.132,Process_Create,12272,process,null
10863,process,null,1621125540.132,Process_Create,12273,process,null
10864,process,null,1621127340.377,Process_Create,12276,process,null
10864,process,null,1621127340.377,Process_Create,12275,process,null
10865,process,null,1621129140.378,Process_Create,12278,process,null
10865,process,null,1621129140.378,Process_Create,12279,process,null
10866,process,null,1621130940.388,Process_Create,12282,process,null
10866,process,null,1621130940.388,Process_Create,12281,process,null
10867,process,null,1621132740.385,Process_Create,12284,process,null
10867,process,null,1621132740.385,Process_Create,12285,process,null
10868,process,null,1620882540.379,Process_Create,12287,process,null
10868,process,null,1620882540.379,Process_Create,12288,process,null
10869,process,null,1621134540.13,Process_Create,12291,process,null
10869,process,null,1621134540.13,Process_Create,12290,process,null
10870,process,null,1621136340.384,Process_Create,12294,process,null
10870,process,null,1621136340.384,Process_Create,12293,process,null
10871,process,null,1621138140.385,Process_Create,12296,process,null
10871,process,null,1621138140.385,Process_Create,12297,process,null
10872,process,null,1621139940.383,Process_Create,12300,process,null
10872,process,null,1621139940.383,Process_Create,12299,process,null
10873,process,null,1621141740.388,Process_Create,12302,process,null
10873,process,null,1621141740.388,Process_Create,12303,process,null
10874,process,null,1621143540.126,Process_Create,12305,process,null
10874,process,null,1621143540.126,Process_Create,12306,process,null
10875,process,null,1621145340.38,Process_Create,12309,process,null
10875,process,null,1621145340.38,Process_Create,12308,process,null
10876,process,null,1621147140.386,Process_Create,12313,process,null
10876,process,null,1621147140.386,Process_Create,12312,process,null
10877,process,null,1621148940.136,Process_Create,12315,process,null
10877,process,null,1621148940.136,Process_Create,12316,process,null
10878,process,null,1620884340.133,Process_Create,12321,process,null
10878,process,null,1620884340.133,Process_Create,12322,process,null
10879,process,null,1621150740.13,Process_Create,12319,process,null
10879,process,null,1621150740.13,Process_Create,12318,process,null
10880,process,null,1621152540.383,Process_Create,12324,process,null
10880,process,null,1621152540.383,Process_Create,12325,process,null
10881,process,null,1621154340.133,Process_Create,12327,process,null
10881,process,null,1621154340.133,Process_Create,12328,process,null
10882,process,null,1621156140.394,Process_Create,12331,process,null
10882,process,null,1621156140.394,Process_Create,12330,process,null
10883,process,null,1621157940.38,Process_Create,12333,process,null
10883,process,null,1621157940.38,Process_Create,12334,process,null
10884,process,null,1621159740.377,Process_Create,12337,process,null
10884,process,null,1621159740.377,Process_Create,12336,process,null
10885,process,null,1621161540.13,Process_Create,12339,process,null
10885,process,null,1621161540.13,Process_Create,12340,process,null
10886,process,null,1621163340.131,Process_Create,12342,process,null
10886,process,null,1621163340.131,Process_Create,12343,process,null
10887,process,null,1621165140.133,Process_Create,12345,process,null
10887,process,null,1621165140.133,Process_Create,12346,process,null
10888,process,null,1621166940.382,Process_Create,12348,process,null
10888,process,null,1621166940.382,Process_Create,12349,process,null
10889,process,null,1620886140.378,Process_Create,12351,process,null
10889,process,null,1620886140.378,Process_Create,12352,process,null
10890,process,null,1621168740.38,Process_Create,12353,process,null
10890,process,null,1621168740.38,Process_Create,12354,process,null
10891,process,null,1621170540.381,Process_Create,12357,process,null
10891,process,null,1621170540.381,Process_Create,12358,process,null
10892,process,null,1621172340.131,Process_Create,12361,process,null
10892,process,null,1621172340.131,Process_Create,12360,process,null
10893,process,null,1621174140.133,Process_Create,12364,process,null
10893,process,null,1621174140.133,Process_Create,12363,process,null
10894,process,null,1621175940.38,Process_Create,12366,process,null
10894,process,null,1621175940.38,Process_Create,12367,process,null
10895,process,null,1621177740.13,Process_Create,12369,process,null
10895,process,null,1621177740.13,Process_Create,12370,process,null
10896,process,null,1621179540.38,Process_Create,12372,process,null
10896,process,null,1621179540.38,Process_Create,12373,process,null
10897,process,null,1621181340.133,Process_Create,12377,process,null
10897,process,null,1621181340.133,Process_Create,12376,process,null
10898,process,null,1621183140.135,Process_Create,12379,process,null
10898,process,null,1621183140.135,Process_Create,12380,process,null
10899,process,null,1621184940.133,Process_Create,12382,process,null
10899,process,null,1621184940.133,Process_Create,12383,process,null
10900,process,null,1621186740.135,Process_Create,12385,process,null
10900,process,null,1621186740.135,Process_Create,12386,process,null
10901,process,null,1621188540.384,Process_Create,12389,process,null
10901,process,null,1621188540.384,Process_Create,12388,process,null
10902,process,null,1620887940.136,Process_Create,12392,process,null
10902,process,null,1620887940.136,Process_Create,12391,process,null
10903,process,null,1621190340.129,Process_Create,12394,process,null
10903,process,null,1621190340.129,Process_Create,12395,process,null
10904,process,null,1621192140.378,Process_Create,12398,process,null
10904,process,null,1621192140.378,Process_Create,12397,process,null
10905,process,null,1621193940.38,Process_Create,12400,process,null
10905,process,null,1621193940.38,Process_Create,12401,process,null
10906,process,null,1621195740.381,Process_Create,12403,process,null
10906,process,null,1621195740.381,Process_Create,12404,process,null
10907,process,null,1621197540.383,Process_Create,12406,process,null
10907,process,null,1621197540.383,Process_Create,12407,process,null
10908,process,null,1621199340.136,Process_Create,12410,process,null
10908,process,null,1621199340.136,Process_Create,12409,process,null
10909,process,null,1621201140.13,Process_Create,12412,process,null
10909,process,null,1621201140.13,Process_Create,12413,process,null
10910,process,null,1621202940.133,Process_Create,12415,process,null
10910,process,null,1621202940.133,Process_Create,12416,process,null
10911,process,null,1621204740.135,Process_Create,12419,process,null
10911,process,null,1621204740.135,Process_Create,12418,process,null
10912,process,null,1621206540.129,Process_Create,12421,process,null
10912,process,null,1621206540.129,Process_Create,12422,process,null
10913,process,null,1620889740.377,Process_Create,12424,process,null
10913,process,null,1620889740.377,Process_Create,12425,process,null
10914,process,null,1621208340.387,Process_Create,12427,process,null
10914,process,null,1621208340.387,Process_Create,12428,process,null
10915,process,null,1621210140.385,Process_Create,12431,process,null
10915,process,null,1621210140.385,Process_Create,12430,process,null
10916,process,null,1621211940.131,Process_Create,12434,process,null
10916,process,null,1621211940.131,Process_Create,12433,process,null
10917,process,null,1621213740.136,Process_Create,12437,process,null
10917,process,null,1621213740.136,Process_Create,12436,process,null
10918,process,null,1621215540.138,Process_Create,12440,process,null
10918,process,null,1621215540.138,Process_Create,12439,process,null
10919,process,null,1621217340.383,Process_Create,12442,process,null
10919,process,null,1621217340.383,Process_Create,12443,process,null
10920,process,null,1621219140.381,Process_Create,12445,process,null
10920,process,null,1621219140.381,Process_Create,12446,process,null
10921,process,null,1621220940.134,Process_Create,12449,process,null
10921,process,null,1621220940.134,Process_Create,12448,process,null
10922,process,null,1621222740.131,Process_Create,12451,process,null
10922,process,null,1621222740.131,Process_Create,12452,process,null
10923,process,null,1621224540.133,Process_Create,12454,process,null
10923,process,null,1621224540.133,Process_Create,12455,process,null
10924,process,null,1620891540.383,Process_Create,12457,process,null
10924,process,null,1620891540.383,Process_Create,12458,process,null
10925,process,null,1621226340.13,Process_Create,12461,process,null
10925,process,null,1621226340.13,Process_Create,12460,process,null
10926,process,null,1621228140.384,Process_Create,12463,process,null
10926,process,null,1621228140.384,Process_Create,12464,process,null
10927,process,null,1621229940.377,Process_Create,12467,process,null
10927,process,null,1621229940.377,Process_Create,12466,process,null
10928,process,null,1621231740.131,Process_Create,12469,process,null
10928,process,null,1621231740.131,Process_Create,12470,process,null
10929,process,null,1621233540.129,Process_Create,12473,process,null
10929,process,null,1621233540.129,Process_Create,12474,process,null
10930,process,null,1621235340.131,Process_Create,12476,process,null
10930,process,null,1621235340.131,Process_Create,12477,process,null
10931,process,null,1621237140.381,Process_Create,12480,process,null
10931,process,null,1621237140.381,Process_Create,12479,process,null
10932,process,null,1621238940.383,Process_Create,12482,process,null
10932,process,null,1621238940.383,Process_Create,12483,process,null
10933,process,null,1621240740.389,Process_Create,12485,process,null
10933,process,null,1621240740.389,Process_Create,12486,process,null
10934,process,null,1621242540.13,Process_Create,12489,process,null
10934,process,null,1621242540.13,Process_Create,12488,process,null
10935,process,null,1620893340.141,Process_Create,12492,process,null
10935,process,null,1620893340.141,Process_Create,12491,process,null
10936,process,null,1621244340.38,Process_Create,12494,process,null
10936,process,null,1621244340.38,Process_Create,12495,process,null
10937,process,null,1621246140.386,Process_Create,12497,process,null
10937,process,null,1621246140.386,Process_Create,12498,process,null
10938,process,null,1621247940.135,Process_Create,12501,process,null
10938,process,null,1621247940.135,Process_Create,12500,process,null
10939,process,null,1621249740.129,Process_Create,12504,process,null
10939,process,null,1621249740.129,Process_Create,12503,process,null
10940,process,null,1621251540.383,Process_Create,12506,process,null
10940,process,null,1621251540.383,Process_Create,12507,process,null
10941,process,null,1621253340.38,Process_Create,12510,process,null
10941,process,null,1621253340.38,Process_Create,12509,process,null
10942,process,null,1621255140.13,Process_Create,12512,process,null
10942,process,null,1621255140.13,Process_Create,12513,process,null
10943,process,null,1621256940.131,Process_Create,12515,process,null
10943,process,null,1621256940.131,Process_Create,12516,process,null
10944,process,null,1621258740.381,Process_Create,12519,process,null
10944,process,null,1621258740.381,Process_Create,12518,process,null
10945,process,null,1621260540.382,Process_Create,12522,process,null
10945,process,null,1621260540.382,Process_Create,12521,process,null
10946,process,null,1620895140.139,Process_Create,12525,process,null
10946,process,null,1620895140.139,Process_Create,12524,process,null
10947,process,null,1621262340.38,Process_Create,12528,process,null
10947,process,null,1621262340.38,Process_Create,12527,process,null
10948,process,null,1621264141.133,Process_Create,12530,process,null
10948,process,null,1621264141.133,Process_Create,12531,process,null
10949,process,null,1621265940.135,Process_Create,12534,process,null
10949,process,null,1621265940.135,Process_Create,12533,process,null
10950,process,null,1621267740.137,Process_Create,12536,process,null
10950,process,null,1621267740.137,Process_Create,12537,process,null
10951,process,null,1621269540.386,Process_Create,12539,process,null
10951,process,null,1621269540.386,Process_Create,12540,process,null
10952,process,null,1621271340.384,Process_Create,12543,process,null
10952,process,null,1621271340.384,Process_Create,12542,process,null
10953,process,null,1620896940.137,Process_Create,12545,process,null
10953,process,null,1620896940.137,Process_Create,12546,process,null
10954,process,null,1620859140.137,Process_Create,26235,process,null
10954,process,null,1620859140.137,Process_Create,7387,process,null
10954,process,null,1620859140.137,Process_Create,12548,process,null
10954,process,null,1620859140.137,Process_Create,12549,process,null
10955,process,null,1620898740.382,Process_Create,12551,process,null
10955,process,null,1620898740.382,Process_Create,12552,process,null
10956,process,null,1620900540.148,Process_Create,12554,process,null
10956,process,null,1620900540.148,Process_Create,12555,process,null
10957,process,null,1620902340.382,Process_Create,12558,process,null
10957,process,null,1620902340.382,Process_Create,12557,process,null
10958,process,null,1620904140.384,Process_Create,12560,process,null
10958,process,null,1620904140.384,Process_Create,12561,process,null
10959,process,null,1620905940.134,Process_Create,12564,process,null
10959,process,null,1620905940.134,Process_Create,12563,process,null
10960,process,null,1620907740.132,Process_Create,12567,process,null
10960,process,null,1620907740.132,Process_Create,12566,process,null
10961,process,null,1620909540.137,Process_Create,12570,process,null
10961,process,null,1620909540.137,Process_Create,12569,process,null
10962,process,null,1620911340.387,Process_Create,12573,process,null
10962,process,null,1620911340.387,Process_Create,12572,process,null
10963,process,null,1620913140.385,Process_Create,12576,process,null
10963,process,null,1620913140.385,Process_Create,12575,process,null
10964,process,null,1620914940.13,Process_Create,12578,process,null
10964,process,null,1620914940.13,Process_Create,12579,process,null
10965,process,null,1620916740.14,Process_Create,12582,process,null
10965,process,null,1620916740.14,Process_Create,12581,process,null
10966,process,null,1620860940.13,Process_Create,12584,process,null
10966,process,null,1620860940.13,Process_Create,12585,process,null
10967,process,null,1620918540.129,Process_Create,12588,process,null
10967,process,null,1620918540.129,Process_Create,12587,process,null
10968,process,null,1620920340.391,Process_Create,12591,process,null
10968,process,null,1620920340.391,Process_Create,12590,process,null
10969,process,null,1620922140.136,Process_Create,12594,process,null
10969,process,null,1620922140.136,Process_Create,12593,process,null
10970,process,null,1620923940.398,Process_Create,12597,process,null
10970,process,null,1620923940.398,Process_Create,12596,process,null
10971,process,null,1620925740.131,Process_Create,12599,process,null
10971,process,null,1620925740.131,Process_Create,12600,process,null
10972,process,null,1620927540.381,Process_Create,12602,process,null
10972,process,null,1620927540.381,Process_Create,12603,process,null
10973,process,null,1620929340.383,Process_Create,12606,process,null
10973,process,null,1620929340.383,Process_Create,12605,process,null
10974,process,null,1620931140.137,Process_Create,12608,process,null
10974,process,null,1620931140.137,Process_Create,12609,process,null
10975,process,null,1620932941.635,Process_Create,12612,process,null
10975,process,null,1620932941.635,Process_Create,12611,process,null
10976,process,null,1620934740.132,Process_Create,12614,process,null
10976,process,null,1620934740.132,Process_Create,12615,process,null
10977,process,null,1620862740.384,Process_Create,12618,process,null
10977,process,null,1620862740.384,Process_Create,12617,process,null
10978,process,null,1620936540.386,Process_Create,12620,process,null
10978,process,null,1620936540.386,Process_Create,12621,process,null
10979,process,null,1620938340.132,Process_Create,12623,process,null
10979,process,null,1620938340.132,Process_Create,12624,process,null
10980,process,null,1620940140.134,Process_Create,12627,process,null
10980,process,null,1620940140.134,Process_Create,12626,process,null
10981,process,null,1620941940.38,Process_Create,12630,process,null
10981,process,null,1620941940.38,Process_Create,12629,process,null
10982,process,null,1620943740.381,Process_Create,12632,process,null
10982,process,null,1620943740.381,Process_Create,12633,process,null
10983,process,null,1620945540.379,Process_Create,12636,process,null
10983,process,null,1620945540.379,Process_Create,12635,process,null
10984,process,null,1620947340.132,Process_Create,12639,process,null
10984,process,null,1620947340.132,Process_Create,12638,process,null
10985,process,null,1620949140.134,Process_Create,12641,process,null
10985,process,null,1620949140.134,Process_Create,12642,process,null
10986,process,null,1620950940.139,Process_Create,12644,process,null
10986,process,null,1620950940.139,Process_Create,12645,process,null
10987,process,null,1620952740.384,Process_Create,12647,process,null
10987,process,null,1620952740.384,Process_Create,12648,process,null
10988,process,null,1620864540.126,Process_Create,12650,process,null
10988,process,null,1620864540.126,Process_Create,12651,process,null
10989,process,null,1620954540.385,Process_Create,12654,process,null
10989,process,null,1620954540.385,Process_Create,12653,process,null
10990,process,null,1620956340.379,Process_Create,12657,process,null
10990,process,null,1620956340.379,Process_Create,12656,process,null
10991,process,null,1620958140.141,Process_Create,12659,process,null
10991,process,null,1620958140.141,Process_Create,12660,process,null
10992,process,null,1620959940.131,Process_Create,12663,process,null
10992,process,null,1620959940.131,Process_Create,12662,process,null
10993,process,null,1620961740.128,Process_Create,12665,process,null
10993,process,null,1620961740.128,Process_Create,12666,process,null
10994,process,null,1620963540.134,Process_Create,12668,process,null
10994,process,null,1620963540.134,Process_Create,12669,process,null
10995,process,null,1620965340.384,Process_Create,12672,process,null
10995,process,null,1620965340.384,Process_Create,12671,process,null
10996,process,null,1620967140.377,Process_Create,12675,process,null
10996,process,null,1620967140.377,Process_Create,12674,process,null
10997,process,null,1620968940.135,Process_Create,12678,process,null
10997,process,null,1620968940.135,Process_Create,12677,process,null
10998,process,null,1620970740.38,Process_Create,12680,process,null
10998,process,null,1620970740.38,Process_Create,12681,process,null
10999,process,null,1620866340.375,Process_Create,12684,process,null
10999,process,null,1620866340.375,Process_Create,12683,process,null
11000,process,null,1620972540.378,Process_Create,12686,process,null
11000,process,null,1620972540.378,Process_Create,12687,process,null
11001,process,null,1620974340.131,Process_Create,12690,process,null
11001,process,null,1620974340.131,Process_Create,12691,process,null
11002,process,null,1620976140.136,Process_Create,12693,process,null
11002,process,null,1620976140.136,Process_Create,12694,process,null
11003,process,null,1620977940.13,Process_Create,12696,process,null
11003,process,null,1620977940.13,Process_Create,12697,process,null
11004,process,null,1620979740.379,Process_Create,12699,process,null
11004,process,null,1620979740.379,Process_Create,12700,process,null
11005,process,null,1620981540.384,Process_Create,12703,process,null
11005,process,null,1620981540.384,Process_Create,12702,process,null
11006,process,null,1620983340.389,Process_Create,12705,process,null
11006,process,null,1620983340.389,Process_Create,12706,process,null
11007,process,null,1620985140.382,Process_Create,12709,process,null
11007,process,null,1620985140.382,Process_Create,12708,process,null
11008,process,null,1620986940.132,Process_Create,12711,process,null
11008,process,null,1620986940.132,Process_Create,12712,process,null
11009,process,null,1620988740.129,Process_Create,12715,process,null
11009,process,null,1620988740.129,Process_Create,12714,process,null
11010,process,null,1620868140.133,Process_Create,12718,process,null
11010,process,null,1620868140.133,Process_Create,12717,process,null
11011,process,null,1620990540.395,Process_Create,12720,process,null
11011,process,null,1620990540.395,Process_Create,12721,process,null
11012,process,null,1620992340.385,Process_Create,12724,process,null
11012,process,null,1620992340.385,Process_Create,12723,process,null
11013,process,null,1620994140.134,Process_Create,12726,process,null
11013,process,null,1620994140.134,Process_Create,12727,process,null
11014,process,null,1620995940.14,Process_Create,12729,process,null
11014,process,null,1620995940.14,Process_Create,12730,process,null
11015,process,null,1620997740.142,Process_Create,12732,process,null
11015,process,null,1620997740.142,Process_Create,12733,process,null
11016,process,null,1620999540.384,Process_Create,12736,process,null
11016,process,null,1620999540.384,Process_Create,12735,process,null
11017,process,null,1621001340.398,Process_Create,12738,process,null
11017,process,null,1621001340.398,Process_Create,12739,process,null
11018,process,null,1621003140.148,Process_Create,12742,process,null
11018,process,null,1621003140.148,Process_Create,12741,process,null
11019,process,null,1621004940.134,Process_Create,12745,process,null
11019,process,null,1621004940.134,Process_Create,12744,process,null
11020,process,null,1621006740.384,Process_Create,12747,process,null
11020,process,null,1621006740.384,Process_Create,12748,process,null
11021,process,null,1620869940.126,Process_Create,12753,process,null
11021,process,null,1620869940.126,Process_Create,12754,process,null
11022,process,null,1621008540.382,Process_Create,12751,process,null
11022,process,null,1621008540.382,Process_Create,12750,process,null
11024,process,null,1621009021.989,Process_Create,8612,process,null
11028,process,null,1621012621.024,Process_Create,8613,process,null
11031,process,null,1621016221.063,Process_Create,8614,process,null
11034,process,null,1621019821.102,Process_Create,8615,process,null
11037,process,null,1621023421.141,Process_Create,8616,process,null
11040,process,null,1621027021.232,Process_Create,8617,process,null
11044,process,null,1621030621.272,Process_Create,8618,process,null
11046,process,null,1620872221.382,Process_Create,8619,process,null
11048,process,null,1621034221.304,Process_Create,8621,process,null
11051,process,null,1621036801.545,Process_Create,7310,process,null
11051,process,null,1621036801.545,Process_Create,7311,process,null
11052,process,null,1621036802.081,Process_Create,8606,process,null
11054,process,null,1621037821.336,Process_Create,8622,process,null
11057,process,null,1621041421.371,Process_Create,8624,process,null
11059,process,null,1620856480.637,Process_Create,7392,process,null
11061,process,null,1621045021.406,Process_Create,8626,process,null
11066,process,null,1621048621.449,Process_Create,8627,process,null
11068,process,null,1621050421.466,Process_Create,8538,process,null
11070,process,null,1621052221.495,Process_Create,8628,process,null
11073,process,null,1621055821.534,Process_Create,8629,process,null
11076,process,null,1621059421.57,Process_Create,8630,process,null
11077,process,null,1621059901.584,Process_Create,8632,process,null
11082,process,null,1621063021.761,Process_Create,8633,process,null
11084,process,null,1620856926.368,Process_Create,25525,process,null
11086,process,null,1621066621.796,Process_Create,8634,process,null
11087,process,null,1620875821.429,Process_Create,8635,process,null
11091,process,null,1621070221.84,Process_Create,8640,process,null
11102,process,null,1621073821.879,Process_Create,8641,process,null
11105,process,null,1620857821.549,Process_Create,8643,process,null
11106,process,null,1621077421.91,Process_Create,8642,process,null
11107,process,null,1620861421.568,Process_Create,8644,process,null
11108,process,null,1620865021.583,Process_Create,8645,process,null
11109,process,null,1620868621.602,Process_Create,8646,process,null
11111,process,null,1620872221.613,Process_Create,8647,process,null
11112,process,null,1620875821.627,Process_Create,8648,process,null
11113,process,null,1620879421.642,Process_Create,8649,process,null
11114,process,null,1620883021.653,Process_Create,8650,process,null
11117,process,null,1620886621.668,Process_Create,8652,process,null
11118,process,null,1621081021.941,Process_Create,8651,process,null
11119,process,null,1620887101.675,Process_Create,8653,process,null
11122,process,null,1621084621.98,Process_Create,8654,process,null
11123,process,null,1620877621.45,Process_Create,8540,process,null
11126,process,null,1621088221.015,Process_Create,8655,process,null
11129,process,null,1621091821.071,Process_Create,8656,process,null
11132,process,null,1621095421.102,Process_Create,8658,process,null
11136,process,null,1621099021.142,Process_Create,8659,process,null
11139,process,null,1621102621.186,Process_Create,8660,process,null
11140,process,null,1620879421.507,Process_Create,8661,process,null
11143,process,null,1621106221.23,Process_Create,8662,process,null
11146,process,null,1621109821.274,Process_Create,8663,process,null
11150,process,null,1621113421.314,Process_Create,8664,process,null
11154,process,null,1621117021.358,Process_Create,8665,process,null
11157,process,null,1621120621.405,Process_Create,8666,process,null
11160,process,null,1621123200.738,Process_Create,7313,process,null
11160,process,null,1621123200.738,Process_Create,7312,process,null
11161,process,null,1621123202.082,Process_Create,8607,process,null
11162,process,null,1621123202.386,Process_Create,8608,process,null
11164,process,null,1620890221.863,Process_Create,8667,process,null
11165,process,null,1621124221.453,Process_Create,8668,process,null
11166,process,null,1620893821.874,Process_Create,8669,process,null
11167,process,null,1620897421.894,Process_Create,8670,process,null
11168,process,null,1620901021.906,Process_Create,8671,process,null
11170,process,null,1620904621.922,Process_Create,8672,process,null
11171,process,null,1620908221.933,Process_Create,8673,process,null
11172,process,null,1620911821.949,Process_Create,8674,process,null
11173,process,null,1620915421.964,Process_Create,8675,process,null
11175,process,null,1620919021.979,Process_Create,8677,process,null
11176,process,null,1621127821.52,Process_Create,8676,process,null
11177,process,null,1620922621.99,Process_Create,8678,process,null
11178,process,null,1620926221.005,Process_Create,8679,process,null
11179,process,null,1620929821.016,Process_Create,8680,process,null
11181,process,null,1620933421.032,Process_Create,8681,process,null
11182,process,null,1620937021.048,Process_Create,8682,process,null
11183,process,null,1620940621.06,Process_Create,8683,process,null
11184,process,null,1620944221.071,Process_Create,8684,process,null
11186,process,null,1620947821.086,Process_Create,8686,process,null
11187,process,null,1621131421.558,Process_Create,8685,process,null
11188,process,null,1620951421.1,Process_Create,8687,process,null
11189,process,null,1620955021.115,Process_Create,8688,process,null
11191,process,null,1620958621.126,Process_Create,8689,process,null
11192,process,null,1620962221.142,Process_Create,8690,process,null
11193,process,null,1620965821.157,Process_Create,8691,process,null
11195,process,null,1620969421.172,Process_Create,8692,process,null
11198,process,null,1620973021.187,Process_Create,8693,process,null
11199,process,null,1621135021.609,Process_Create,8694,process,null
11200,process,null,1620973501.194,Process_Create,8695,process,null
11203,process,null,1621136821.643,Process_Create,8542,process,null
11205,process,null,1621138621.676,Process_Create,8696,process,null
11206,process,null,1620883021.542,Process_Create,8697,process,null
11209,process,null,1621142221.715,Process_Create,8698,process,null
11212,process,null,1621145821.751,Process_Create,8700,process,null
11213,process,null,1621146301.766,Process_Create,8701,process,null
11215,process,null,1621147621.693,Process_Create,8702,process,null
11217,process,null,1621149421.243,Process_Create,8703,process,null
11221,process,null,1621153021.286,Process_Create,8704,process,null
11224,process,null,1621156621.325,Process_Create,8705,process,null
11228,process,null,1621160221.368,Process_Create,8707,process,null
11231,process,null,1621163821.406,Process_Create,8708,process,null
11234,process,null,1621167421.449,Process_Create,8709,process,null
11237,process,null,1620974999.239,Process_Create,7348,process,null
11237,process,null,1620974999.239,Process_Create,7531,process,null
11238,process,null,1620974999.279,Process_Create,8557,process,null
11240,process,null,1621171021.492,Process_Create,8710,process,null
11242,process,null,1620886621.573,Process_Create,8711,process,null
11244,process,null,1621174621.536,Process_Create,8712,process,null
11247,process,null,1621178221.577,Process_Create,8713,process,null
11248,process,null,1620976621.766,Process_Create,8714,process,null
11249,process,null,1620980221.784,Process_Create,8715,process,null
11251,process,null,1620887101.588,Process_Create,8716,process,null
11252,process,null,1620983821.795,Process_Create,8717,process,null
11253,process,null,1620987421.805,Process_Create,8718,process,null
11254,process,null,1620991021.816,Process_Create,8719,process,null
11255,process,null,1620994621.836,Process_Create,8720,process,null
11257,process,null,1620998221.847,Process_Create,8721,process,null
11258,process,null,1621181821.616,Process_Create,8722,process,null
11259,process,null,1621001821.863,Process_Create,8723,process,null
11260,process,null,1621005421.875,Process_Create,8724,process,null
11261,process,null,1621009021.895,Process_Create,8725,process,null
11263,process,null,1621012621.911,Process_Create,8726,process,null
11264,process,null,1621016221.926,Process_Create,8727,process,null
11265,process,null,1621019821.937,Process_Create,8728,process,null
11266,process,null,1621023421.956,Process_Create,8729,process,null
11268,process,null,1621027021.967,Process_Create,8731,process,null
11269,process,null,1621185421.656,Process_Create,8730,process,null
11270,process,null,1621030621.983,Process_Create,8732,process,null
11271,process,null,1621034221.995,Process_Create,8733,process,null
11273,process,null,1621037821.01,Process_Create,8734,process,null
11274,process,null,1621041421.022,Process_Create,8735,process,null
11275,process,null,1621045021.037,Process_Create,8736,process,null
11276,process,null,1621048621.055,Process_Create,8737,process,null
11278,process,null,1621052221.066,Process_Create,8738,process,null
11279,process,null,1621189021.695,Process_Create,8739,process,null
11280,process,null,1621055821.081,Process_Create,8740,process,null
11281,process,null,1621059421.104,Process_Create,8741,process,null
11282,process,null,1621059901.111,Process_Create,8742,process,null
11286,process,null,1621192621.733,Process_Create,8743,process,null
11289,process,null,1621196221.776,Process_Create,8744,process,null
11292,process,null,1621199821.819,Process_Create,8745,process,null
11295,process,null,1621203421.86,Process_Create,8747,process,null
11298,process,null,1621207021.9,Process_Create,8748,process,null
11302,process,null,1621209601.357,Process_Create,7315,process,null
11302,process,null,1621209601.357,Process_Create,7314,process,null
11303,process,null,1621209602.873,Process_Create,8609,process,null
11305,process,null,1621210621.94,Process_Create,8749,process,null
11307,process,null,1620890221.092,Process_Create,8750,process,null
11309,process,null,1621214221.987,Process_Create,8751,process,null
11312,process,null,1621217821.026,Process_Create,8752,process,null
11316,process,null,1621221421.077,Process_Create,8753,process,null
11318,process,null,1621223221.102,Process_Create,8546,process,null
11320,process,null,1621060380.242,Process_Create,7349,process,null
11320,process,null,1621060380.242,Process_Create,7532,process,null
11321,process,null,1621225021.135,Process_Create,8754,process,null
11322,process,null,1621060380.386,Process_Create,8558,process,null
11326,process,null,1621228621.175,Process_Create,8755,process,null
11328,process,null,1621063021.604,Process_Create,8756,process,null
11329,process,null,1621066621.615,Process_Create,8757,process,null
11330,process,null,1621070221.63,Process_Create,8758,process,null
11331,process,null,1621073821.646,Process_Create,8759,process,null
11332,process,null,1621077421.657,Process_Create,8760,process,null
11334,process,null,1621081021.672,Process_Create,8762,process,null
11335,process,null,1621232221.21,Process_Create,8761,process,null
11336,process,null,1621084621.683,Process_Create,8764,process,null
11337,process,null,1621232701.225,Process_Create,8763,process,null
11338,process,null,1621088221.694,Process_Create,8765,process,null
11339,process,null,1621091821.709,Process_Create,8766,process,null
11341,process,null,1621095421.721,Process_Create,8767,process,null
11342,process,null,1621099021.733,Process_Create,8768,process,null
11343,process,null,1621102621.745,Process_Create,8769,process,null
11344,process,null,1621106221.761,Process_Create,8770,process,null
11346,process,null,1621235821.182,Process_Create,8771,process,null
11347,process,null,1621109821.777,Process_Create,8772,process,null
11348,process,null,1621113421.788,Process_Create,8773,process,null
11349,process,null,1621117021.804,Process_Create,8774,process,null
11351,process,null,1621120621.82,Process_Create,8775,process,null
11352,process,null,1621124221.831,Process_Create,8776,process,null
11353,process,null,1621127821.85,Process_Create,8777,process,null
11354,process,null,1621131421.861,Process_Create,8778,process,null
11356,process,null,1621135021.876,Process_Create,8779,process,null
11357,process,null,1621239421.23,Process_Create,8780,process,null
11358,process,null,1621138621.891,Process_Create,8781,process,null
11359,process,null,1621142221.902,Process_Create,8782,process,null
11360,process,null,1621145821.918,Process_Create,8783,process,null
11362,process,null,1621146301.925,Process_Create,8784,process,null
11364,process,null,1621243021.277,Process_Create,8785,process,null
11368,process,null,1621246621.321,Process_Create,8786,process,null
11369,process,null,1621147621.932,Process_Create,8787,process,null
11371,process,null,1620893821.132,Process_Create,8788,process,null
11373,process,null,1621250221.356,Process_Create,8789,process,null
11376,process,null,1621253821.395,Process_Create,8791,process,null
11379,process,null,1621257421.438,Process_Create,8792,process,null
11382,process,null,1621261021.481,Process_Create,8793,process,null
11386,process,null,1621264621.512,Process_Create,8794,process,null
11389,process,null,1621268221.551,Process_Create,8795,process,null
11392,process,null,1621271821.595,Process_Create,8796,process,null
11394,process,null,1621147924.14,Process_Create,2353,process,null
11394,process,null,1621147924.14,Process_Create,2352,process,null
11395,process,null,1621147924.304,Process_Create,7316,process,null
11397,process,null,1620897421.167,Process_Create,8801,process,null
11398,process,null,1621147925.404,Process_Create,7350,process,null
11398,process,null,1621147925.404,Process_Create,7533,process,null
11399,process,null,1621147925.412,Process_Create,8559,process,null
11400,process,null,1621147925.416,Process_Create,8560,process,null
11402,process,null,1621149421.617,Process_Create,8805,process,null
11403,process,null,1621153021.629,Process_Create,8806,process,null
11404,process,null,1621156621.644,Process_Create,8807,process,null
11405,process,null,1621160221.658,Process_Create,8808,process,null
11406,process,null,1621163821.669,Process_Create,8809,process,null
11407,process,null,1621167421.687,Process_Create,8810,process,null
11408,process,null,1621171021.699,Process_Create,8811,process,null
11409,process,null,1621174621.715,Process_Create,8812,process,null
11411,process,null,1621178221.731,Process_Create,8813,process,null
11412,process,null,1621181821.743,Process_Create,8814,process,null
11413,process,null,1621185421.754,Process_Create,8815,process,null
11414,process,null,1621189021.765,Process_Create,8816,process,null
11415,process,null,1621192621.784,Process_Create,8817,process,null
11416,process,null,1621196221.794,Process_Create,8818,process,null
11417,process,null,1621199821.81,Process_Create,8819,process,null
11418,process,null,1621203421.826,Process_Create,8820,process,null
11419,process,null,1621207021.839,Process_Create,8821,process,null
11420,process,null,1621210621.854,Process_Create,8822,process,null
11421,process,null,1621214221.866,Process_Create,8823,process,null
11422,process,null,1621217821.877,Process_Create,8824,process,null
11423,process,null,1621221421.895,Process_Create,8825,process,null
11424,process,null,1621225021.906,Process_Create,8826,process,null
11425,process,null,1621228621.921,Process_Create,8827,process,null
11426,process,null,1621232221.933,Process_Create,8828,process,null
11427,process,null,1621232701.944,Process_Create,8829,process,null
11429,process,null,1620901021.207,Process_Create,8831,process,null
11431,process,null,1621233268.912,Process_Create,7351,process,null
11431,process,null,1621233268.912,Process_Create,7534,process,null
11432,process,null,1621233268.92,Process_Create,8561,process,null
11433,process,null,1621235821.108,Process_Create,8832,process,null
11434,process,null,1621239421.128,Process_Create,8833,process,null
11435,process,null,1621243021.14,Process_Create,8834,process,null
11436,process,null,1621246621.151,Process_Create,8835,process,null
11437,process,null,1621250221.167,Process_Create,8836,process,null
11438,process,null,1621253324.155,Process_Create,11448,process,null
11438,process,null,1621253324.155,Process_Create,8593,process,null
11439,process,null,1621253401.72,Process_Create,11442,process,null
11439,process,null,1621253401.72,Process_Create,8595,process,null
11443,process,null,1621253591.374,Process_Create,11451,process,null
11443,process,null,1621253591.374,Process_Create,8597,process,null
11444,process,null,1621253821.178,Process_Create,8837,process,null
11445,process,null,1621253847.794,Process_Create,26225,process,null
11447,process,null,1620904621.239,Process_Create,8838,process,null
11450,process,null,1621257421.189,Process_Create,8839,process,null
11452,process,null,1621261021.208,Process_Create,8840,process,null
11453,process,null,1621264621.219,Process_Create,8841,process,null
11454,process,null,1621268221.23,Process_Create,8842,process,null
11455,process,null,1621271821.246,Process_Create,8843,process,null
11458,process,null,1620908221.286,Process_Create,8844,process,null
11461,process,null,1620911821.322,Process_Create,8845,process,null
11464,process,null,1620915421.361,Process_Create,8846,process,null
11468,process,null,1620919021.4,Process_Create,8847,process,null
11471,process,null,1620922621.435,Process_Create,8848,process,null
11472,process,null,1620861421.273,Process_Create,8849,process,null
11475,process,null,1620926221.474,Process_Create,8850,process,null
11478,process,null,1620929821.51,Process_Create,8851,process,null
11481,process,null,1620933421.553,Process_Create,8852,process,null
11485,process,null,1620937021.585,Process_Create,8853,process,null
11488,process,null,1620940621.629,Process_Create,8854,process,null
11491,process,null,1620944221.668,Process_Create,8855,process,null
11494,process,null,1620947821.707,Process_Create,8856,process,null
11496,process,null,1620864001.062,Process_Create,7318,process,null
11496,process,null,1620864001.062,Process_Create,7317,process,null
11497,process,null,1620864002.074,Process_Create,8610,process,null
11500,process,null,1620950400.191,Process_Create,7319,process,null
11500,process,null,1620950400.191,Process_Create,7320,process,null
11501,process,null,1620950400.667,Process_Create,8611,process,null
11503,process,null,1620951421.742,Process_Create,8857,process,null
11507,process,null,1620955021.776,Process_Create,8858,process,null
11510,process,null,1620958621.816,Process_Create,8859,process,null
11511,process,null,1620865021.312,Process_Create,8860,process,null
11515,process,null,1620962221.863,Process_Create,8861,process,null
11517,process,null,1620964021.881,Process_Create,8551,process,null
11519,process,null,1620965821.903,Process_Create,8862,process,null
11522,process,null,1620969421.934,Process_Create,8863,process,null
11526,process,null,1620973021.981,Process_Create,8864,process,null
11527,process,null,1620973501.987,Process_Create,8865,process,null
11530,process,null,1620976621.567,Process_Create,8866,process,null
11533,process,null,1620980221.602,Process_Create,8867,process,null
11536,process,null,1620983821.64,Process_Create,8868,process,null
11539,process,null,1620987421.679,Process_Create,8869,process,null
11543,process,null,1620991021.798,Process_Create,8870,process,null
11546,process,null,1620994621.841,Process_Create,8871,process,null
11547,process,null,1620868621.348,Process_Create,8872,process,null
11550,process,null,1620998221.881,Process_Create,8873,process,null
11553,process,null,1621001821.921,Process_Create,8874,process,null
11556,process,null,1621005421.953,Process_Create,8875,process,null
12550,process,null,1620859140.153,Process_Create,10240,process,null
18573,process,null,1620858735.895,Process_Create,3639,process,null
18573,process,null,1620858735.895,Process_Create,3029,process,null
18573,process,null,1620858735.895,Process_Create,3852,process,null
18835,process,null,1621256989.88,Process_Create,18836,process,null
18854,process,null,1621257713.894,Process_Create,18855,process,attack
18854,process,null,1621257713.894,Process_Create,18856,process,attack
18856,process,attack,1621257800.999,open,2124,file,attack
18857,process,attack,1621257807.411,Process_Create,2904,process,attack
18857,process,attack,1621257807.411,Process_Create,18861,process,attack
18861,process,attack,1621257810.452,open,2126,file,attack
25691,process,null,1621045800.713,Process_Create,25693,process,null
25691,process,null,1621045800.713,Process_Create,25692,process,null
25691,process,null,1621045800.713,Process_Create,25694,process,null
25691,process,null,1621045800.713,Process_Create,7393,process,null
25695,process,null,1621045801.029,Process_Create,7558,process,null
25695,process,null,1621045801.029,Process_Create,25697,process,null
25695,process,null,1621045801.029,Process_Create,25698,process,null
25695,process,null,1621045801.029,Process_Create,25701,process,null
25695,process,null,1621045801.029,Process_Create,25696,process,null
25695,process,null,1621045801.029,Process_Create,25637,process,null
25695,process,null,1621045801.029,Process_Create,25700,process,null
25695,process,null,1621045801.029,Process_Create,3912,process,null
25695,process,null,1621045801.029,Process_Create,25699,process,null
25695,process,null,1621045801.029,Process_Create,3913,process,null
25699,process,null,1621045801.273,Process_Create,2916,process,null
25699,process,null,1621045801.273,Process_Create,2915,process,null
25701,process,null,1621045805.561,Process_Create,2917,process,null
25701,process,null,1621045805.561,Process_Create,2918,process,null
25702,process,null,1621060498.865,Process_Create,25706,process,null
25702,process,null,1621060498.865,Process_Create,25705,process,null
25702,process,null,1621060498.865,Process_Create,25708,process,null
25702,process,null,1621060498.865,Process_Create,7394,process,null
25702,process,null,1621060498.865,Process_Create,25703,process,null
25702,process,null,1621060498.865,Process_Create,3928,process,null
25702,process,null,1621060498.865,Process_Create,7560,process,null
25702,process,null,1621060498.865,Process_Create,25640,process,null
25702,process,null,1621060498.865,Process_Create,25704,process,null
25702,process,null,1621060498.865,Process_Create,25707,process,null
25702,process,null,1621060498.865,Process_Create,3927,process,null
25706,process,null,1621060499.209,Process_Create,2921,process,null
25706,process,null,1621060499.209,Process_Create,2922,process,null
25708,process,null,1621060502.685,Process_Create,2923,process,null
25708,process,null,1621060502.685,Process_Create,2924,process,null
25709,process,null,1621060570.022,Process_Create,7395,process,null
25709,process,null,1621060570.022,Process_Create,25711,process,null
25709,process,null,1621060570.022,Process_Create,25710,process,null
25709,process,null,1621060570.022,Process_Create,25712,process,null
25713,process,null,1620887660.966,Process_Create,3988,process,null
25713,process,null,1620887660.966,Process_Create,25714,process,null
25713,process,null,1620887660.966,Process_Create,25719,process,null
25713,process,null,1620887660.966,Process_Create,3986,process,null
25713,process,null,1620887660.966,Process_Create,3987,process,null
25715,process,null,1621112133.723,Process_Create,25716,process,null
25715,process,null,1621112133.723,Process_Create,25718,process,null
25715,process,null,1621112133.723,Process_Create,25717,process,null
25715,process,null,1621112133.723,Process_Create,7396,process,null
25720,process,null,1621146950.851,Process_Create,25725,process,null
25720,process,null,1621146950.851,Process_Create,7563,process,null
25720,process,null,1621146950.851,Process_Create,7562,process,null
25720,process,null,1621146950.851,Process_Create,25722,process,null
25720,process,null,1621146950.851,Process_Create,25723,process,null
25720,process,null,1621146950.851,Process_Create,25726,process,null
25720,process,null,1621146950.851,Process_Create,25721,process,null
25720,process,null,1621146950.851,Process_Create,7397,process,null
25720,process,null,1621146950.851,Process_Create,4033,process,null
25720,process,null,1621146950.851,Process_Create,25652,process,null
25720,process,null,1621146950.851,Process_Create,25724,process,null
25720,process,null,1621146950.851,Process_Create,4032,process,null
25724,process,null,1621146951.263,Process_Create,2942,process,null
25724,process,null,1621146951.263,Process_Create,2941,process,null
25726,process,null,1621146956.336,Process_Create,2944,process,null
25726,process,null,1621146956.336,Process_Create,2943,process,null
25731,process,null,1621159714.413,Process_Create,25735,process,null
25731,process,null,1621159714.413,Process_Create,25737,process,null
25731,process,null,1621159714.413,Process_Create,25734,process,null
25731,process,null,1621159714.413,Process_Create,25733,process,null
25731,process,null,1621159714.413,Process_Create,7564,process,null
25731,process,null,1621159714.413,Process_Create,4059,process,null
25731,process,null,1621159714.413,Process_Create,25736,process,null
25731,process,null,1621159714.413,Process_Create,25658,process,null
25731,process,null,1621159714.413,Process_Create,25732,process,null
25731,process,null,1621159714.413,Process_Create,4060,process,null
25735,process,null,1621159714.605,Process_Create,2945,process,null
25735,process,null,1621159714.605,Process_Create,2946,process,null
25737,process,null,1621159718.085,Process_Create,2947,process,null
25737,process,null,1621159718.085,Process_Create,2948,process,null
25738,process,null,1620974996.139,Process_Create,4063,process,null
25738,process,null,1620974996.139,Process_Create,4064,process,null
25738,process,null,1620974996.139,Process_Create,4065,process,null
25738,process,null,1620974996.139,Process_Create,25740,process,null
25738,process,null,1620974996.139,Process_Create,25739,process,null
25741,process,null,1620887100.308,Process_Create,25744,process,null
25741,process,null,1620887100.308,Process_Create,25746,process,null
25741,process,null,1620887100.308,Process_Create,4087,process,null
25741,process,null,1620887100.308,Process_Create,25742,process,null
25741,process,null,1620887100.308,Process_Create,25743,process,null
25741,process,null,1620887100.308,Process_Create,4086,process,null
25741,process,null,1620887100.308,Process_Create,25745,process,null
25741,process,null,1620887100.308,Process_Create,25747,process,null
25741,process,null,1620887100.308,Process_Create,25659,process,null
25745,process,null,1620887100.504,Process_Create,2952,process,null
25745,process,null,1620887100.504,Process_Create,2951,process,null
25747,process,null,1620887103.856,Process_Create,2954,process,null
25747,process,null,1620887103.856,Process_Create,2953,process,null
25748,process,null,1621217305.203,Process_Create,25750,process,null
25748,process,null,1621217305.203,Process_Create,25749,process,null
25748,process,null,1621217305.203,Process_Create,25751,process,null
25748,process,null,1621217305.203,Process_Create,7400,process,null
25752,process,null,1621217305.579,Process_Create,25757,process,null
25752,process,null,1621217305.579,Process_Create,25665,process,null
25752,process,null,1621217305.579,Process_Create,25754,process,null
25752,process,null,1621217305.579,Process_Create,25755,process,null
25752,process,null,1621217305.579,Process_Create,4134,process,null
25752,process,null,1621217305.579,Process_Create,25758,process,null
25752,process,null,1621217305.579,Process_Create,7565,process,null
25752,process,null,1621217305.579,Process_Create,4135,process,null
25752,process,null,1621217305.579,Process_Create,25753,process,null
25752,process,null,1621217305.579,Process_Create,25756,process,null
25756,process,null,1621217305.771,Process_Create,2961,process,null
25756,process,null,1621217305.771,Process_Create,2962,process,null
25758,process,null,1621217309.155,Process_Create,2964,process,null
25758,process,null,1621217309.155,Process_Create,2963,process,null
25759,process,null,1621060377.018,Process_Create,25760,process,null
25759,process,null,1621060377.018,Process_Create,25761,process,null
25759,process,null,1621060377.018,Process_Create,4138,process,null
25759,process,null,1621060377.018,Process_Create,4140,process,null
25759,process,null,1621060377.018,Process_Create,4139,process,null
25762,process,null,1621231569.405,Process_Create,7566,process,null
25762,process,null,1621231569.405,Process_Create,25768,process,null
25762,process,null,1621231569.405,Process_Create,25763,process,null
25762,process,null,1621231569.405,Process_Create,25766,process,null
25762,process,null,1621231569.405,Process_Create,25671,process,null
25762,process,null,1621231569.405,Process_Create,4162,process,null
25762,process,null,1621231569.405,Process_Create,25767,process,null
25762,process,null,1621231569.405,Process_Create,4163,process,null
25762,process,null,1621231569.405,Process_Create,25764,process,null
25762,process,null,1621231569.405,Process_Create,25765,process,null
25762,process,null,1621231569.405,Process_Create,7401,process,null
25766,process,null,1621231569.845,Process_Create,2968,process,null
25766,process,null,1621231569.845,Process_Create,2967,process,null
25768,process,null,1621231573.093,Process_Create,2969,process,null
25768,process,null,1621231573.093,Process_Create,2970,process,null
25773,process,null,1621147921.004,Process_Create,4221,process,null
25773,process,null,1621147921.004,Process_Create,4223,process,null
25773,process,null,1621147921.004,Process_Create,25774,process,null
25773,process,null,1621147921.004,Process_Create,4222,process,null
25773,process,null,1621147921.004,Process_Create,25775,process,null
25776,process,null,1620896322.936,Process_Create,25778,process,null
25776,process,null,1620896322.936,Process_Create,25777,process,null
25776,process,null,1620896322.936,Process_Create,25779,process,null
25780,process,null,1620896323.168,Process_Create,25672,process,null
25780,process,null,1620896323.168,Process_Create,25784,process,null
25780,process,null,1620896323.168,Process_Create,25781,process,null
25780,process,null,1620896323.168,Process_Create,4226,process,null
25780,process,null,1620896323.168,Process_Create,4227,process,null
25780,process,null,1620896323.168,Process_Create,25786,process,null
25780,process,null,1620896323.168,Process_Create,25785,process,null
25780,process,null,1620896323.168,Process_Create,25782,process,null
25780,process,null,1620896323.168,Process_Create,25783,process,null
25784,process,null,1620896323.38,Process_Create,2980,process,null
25784,process,null,1620896323.38,Process_Create,2979,process,null
25786,process,null,1620896326.992,Process_Create,2981,process,null
25786,process,null,1620896326.992,Process_Create,2982,process,null
25787,process,null,1621233265.852,Process_Create,4260,process,null
25787,process,null,1621233265.852,Process_Create,25788,process,null
25787,process,null,1621233265.852,Process_Create,4261,process,null
25787,process,null,1621233265.852,Process_Create,4262,process,null
25787,process,null,1621233265.852,Process_Create,25789,process,null
25796,process,null,1620859695.009,Process_Create,2993,process,null
25796,process,null,1620859695.009,Process_Create,2994,process,null
25797,process,null,1620952005.582,Process_Create,25799,process,null
25797,process,null,1620952005.582,Process_Create,25798,process,null
25797,process,null,1620952005.582,Process_Create,25800,process,null
25801,process,null,1620952005.858,Process_Create,4309,process,null
25801,process,null,1620952005.858,Process_Create,25803,process,null
25801,process,null,1620952005.858,Process_Create,4308,process,null
25801,process,null,1620952005.858,Process_Create,25805,process,null
25801,process,null,1620952005.858,Process_Create,25802,process,null
25801,process,null,1620952005.858,Process_Create,25807,process,null
25801,process,null,1620952005.858,Process_Create,25804,process,null
25801,process,null,1620952005.858,Process_Create,25806,process,null
25801,process,null,1620952005.858,Process_Create,25679,process,null
25805,process,null,1620952006.114,Process_Create,2995,process,null
25805,process,null,1620952006.114,Process_Create,2996,process,null
25807,process,null,1620952010.35,Process_Create,2998,process,null
25807,process,null,1620952010.35,Process_Create,2997,process,null
25808,process,null,1620974685.072,Process_Create,25809,process,null
25808,process,null,1620974685.072,Process_Create,25810,process,null
25808,process,null,1620974685.072,Process_Create,25680,process,null
25808,process,null,1620974685.072,Process_Create,25814,process,null
25808,process,null,1620974685.072,Process_Create,4324,process,null
25808,process,null,1620974685.072,Process_Create,25811,process,null
25808,process,null,1620974685.072,Process_Create,25813,process,null
25808,process,null,1620974685.072,Process_Create,4323,process,null
25808,process,null,1620974685.072,Process_Create,25812,process,null
25812,process,null,1620974685.256,Process_Create,3001,process,null
25812,process,null,1620974685.256,Process_Create,3002,process,null
25814,process,null,1620974688.516,Process_Create,3004,process,null
25814,process,null,1620974688.516,Process_Create,3003,process,null
25815,process,null,1620991756.304,Process_Create,25817,process,null
25815,process,null,1620991756.304,Process_Create,25816,process,null
25815,process,null,1620991756.304,Process_Create,25818,process,null
25819,process,null,1621059901.64,Process_Create,6589,process,null
25819,process,null,1621059901.64,Process_Create,6588,process,null
25819,process,null,1621059901.64,Process_Create,6587,process,null
25820,process,null,1621146301.786,Process_Create,6597,process,null
25820,process,null,1621146301.786,Process_Create,6599,process,null
25820,process,null,1621146301.786,Process_Create,6598,process,null
25821,process,null,1620887102.584,Process_Create,6607,process,null
25821,process,null,1620887102.584,Process_Create,6606,process,null
25821,process,null,1620887102.584,Process_Create,6605,process,null
25822,process,null,1621232701.249,Process_Create,6616,process,null
25822,process,null,1621232701.249,Process_Create,6614,process,null
25822,process,null,1621232701.249,Process_Create,6615,process,null
25823,process,null,1620973502.003,Process_Create,6625,process,null
25823,process,null,1620973502.003,Process_Create,6626,process,null
25823,process,null,1620973502.003,Process_Create,6627,process,null
25824,process,null,1621059904.892,Process_Create,7572,process,null
25825,process,null,1621146302.614,Process_Create,7573,process,null
25826,process,null,1621147621.837,Process_Create,8556,process,null
25827,process,null,1620887179.797,Process_Create,7574,process,null
25828,process,null,1621232702.001,Process_Create,7575,process,null
25829,process,null,1620973502.479,Process_Create,7576,process,null
25832,process,null,1620887689.899,open,2123,file,null
25833,process,null,1620887689.899,open,2123,file,null
25834,process,null,1620887689.931,open,2123,file,null
25835,process,null,1620887689.935,open,2123,file,null
25836,process,null,1620887689.935,open,2123,file,null
25837,process,null,1620887689.955,open,2123,file,null
25838,process,null,1620887689.955,open,2123,file,null
25839,process,null,1620887689.971,open,2123,file,null
25840,process,null,1620887689.991,open,2123,file,null
25841,process,null,1620887690.031,open,2123,file,null
25842,process,null,1620887690.031,open,2123,file,null
25843,process,null,1620887690.035,open,2123,file,null
25844,process,null,1620887690.039,open,2123,file,null
25845,process,null,1620887690.039,open,2123,file,null
25846,process,null,1620887690.043,open,2123,file,null
25847,process,null,1620887690.055,open,2123,file,null
25848,process,null,1620887690.131,open,2123,file,null
25849,process,null,1620887690.135,open,2123,file,null
25850,process,null,1620887690.139,open,2123,file,null
25851,process,null,1620887690.143,open,2123,file,null
25852,process,null,1620887690.143,open,2123,file,null
25853,process,null,1620887690.163,open,2123,file,null
25854,process,null,1620887690.163,open,2123,file,null
25855,process,null,1620887690.163,open,2123,file,null
25856,process,null,1620887690.167,open,2123,file,null
25857,process,null,1620887690.167,open,2123,file,null
25858,process,null,1620887690.175,open,2123,file,null
25859,process,null,1620887690.179,open,2123,file,null
25860,process,null,1620887690.211,open,2123,file,null
25861,process,null,1620887690.219,open,2123,file,null
25862,process,null,1620887690.219,open,2123,file,null
25863,process,null,1620887690.219,open,2123,file,null
25864,process,null,1620887690.239,open,2123,file,null
25865,process,null,1620887690.243,open,2123,file,null
25866,process,null,1620887690.247,open,2123,file,null
25867,process,null,1620887690.251,open,2123,file,null
25868,process,null,1620887690.251,open,2123,file,null
25869,process,null,1620887690.255,open,2123,file,null
25870,process,null,1620887690.259,open,2123,file,null
25871,process,null,1620887690.259,open,2123,file,null
25872,process,null,1620887690.263,open,2123,file,null
25873,process,null,1620887690.263,open,2123,file,null
25874,process,null,1620887690.275,open,2123,file,null
25875,process,null,1620887690.275,open,2123,file,null
25876,process,null,1620887690.275,open,2123,file,null
25877,process,null,1620887690.279,open,2123,file,null
25878,process,null,1620887690.279,open,2123,file,null
25879,process,null,1620887690.299,open,2123,file,null
25880,process,null,1620887690.299,open,2123,file,null
25881,process,null,1620887690.303,open,2123,file,null
25882,process,null,1620887690.303,open,2123,file,null
25883,process,null,1620887690.303,open,2123,file,null
25884,process,null,1620887690.303,open,2123,file,null
25885,process,null,1620887690.307,open,2123,file,null
25886,process,null,1620887690.307,open,2123,file,null
25887,process,null,1620887690.307,open,2123,file,null
25888,process,null,1620887690.307,open,2123,file,null
25889,process,null,1620887690.339,open,2123,file,null
25890,process,null,1620887690.339,open,2123,file,null
25891,process,null,1620887690.339,open,2123,file,null
25892,process,null,1620887690.339,open,2123,file,null
26105,process,null,1620887691.847,Process_Create,7299,process,null
26106,process,null,1620974999.759,Process_Create,7300,process,null
26107,process,null,1621060380.586,Process_Create,7301,process,null
26108,process,null,1621147925.608,Process_Create,7303,process,null
26109,process,null,1621233269.1,Process_Create,7304,process,null
26235,process,null,1621147924.34,Process_Create,4353,process,null
26236,process,null,1621147924.352,Process_Create,4354,process,null
26237,process,null,1621147924.356,Process_Create,4355,process,null
26262,process,attack,1621256805.000,Process_Create,2199,process,attack
26262,process,attack,1621256998.000,connection_d,26424,connection,attack
26262,process,attack,1621257543.000,CreateRemoteThread_detected_program2program,26409,process,attack
26263,process,attack,1621256773.000,Process_Create,26262,process,attack
26263,process,attack,1621256562.000,Process_Create,26264,process,attack
26263,process,attack,1620857402.000,CreateRemoteThread_detected_thread_created,2212,thread,attack
26263,process,attack,1621256773.000,file_created,2190,file,attack
26263,process,attack,1621255584.000,connection_d,26519,connection,attack
26264,process,attack,1621256562.000,Process_Create,26265,process,attack
26266,process,attack,1621255546.000,Process_Create,26268,process,attack
26266,process,attack,1621255568.000,Process_Create,26267,process,attack
26266,process,attack,1621255548.000,connection_d,26522,connection,attack
26270,process,attack,1621227600.000,Process_Create,26271,process,attack
26278,process,attack,1621159200.000,Process_Create,26279,process,attack
26286,process,attack,1621090800.000,Process_Create,26287,process,attack
26294,process,attack,1621022400.000,Process_Create,26295,process,attack
26301,process,attack,1620954000.000,Process_Create,26302,process,attack
26307,process,attack,1620885601.000,Process_Create,26308,process,attack
26324,process,attack,1620857604.000,Process_Create,26325,process,attack
26328,process,null,1620857440.000,Process_Create,26330,process,null
26328,process,null,1620857440.000,Process_Create,26329,process,null
26328,process,null,1620857440.000,Process_Create,26331,process,null
26328,process,null,1620857433.000,file_created,2193,file,null
26332,process,attack,1620857425.000,Process_Create,26333,process,attack
26334,process,attack,1620857425.000,Process_Create,26332,process,attack
26335,process,null,1620857416.000,Process_Create,26336,process,null
26340,process,attack,1621255584.000,connection_d,26520,connection,attack
26341,process,attack,1620857402.000,Process_Create,26342,process,attack
26343,process,attack,1620857402.000,Process_Create,26344,process,attack
26343,process,attack,1620857402.000,CreateRemoteThread_detected_thread_created,2210,thread,attack
26344,process,attack,1620857402.000,CreateRemoteThread_detected_thread_created,2211,thread,attack
26345,process,null,1620857402.000,Process_Create,26396,process,null
26345,process,null,1620857402.000,Process_Create,26347,process,null
26345,process,null,1620857402.000,Process_Create,26346,process,null
26350,process,attack,1620857402.000,CreateRemoteThread_detected_thread_created,2209,thread,attack
26351,process,attack,1620857402.000,Process_Create,26352,process,attack
26351,process,attack,1620857402.000,Process_Create,26394,process,attack
26351,process,attack,1620857402.000,Process_Create,26356,process,attack
26351,process,attack,1620857402.000,Process_Create,26358,process,attack
26351,process,attack,1620857402.000,Process_Create,26355,process,attack
26351,process,attack,1620857402.000,Process_Create,26355,process,attack
26351,process,attack,1620857402.000,Process_Create,26360,process,attack
26351,process,attack,1620857402.000,Process_Create,26381,process,attack
26351,process,attack,1620857402.000,Process_Create,26362,process,attack
26351,process,attack,1620857402.000,Process_Create,26359,process,attack
26351,process,attack,1620857402.000,Process_Create,26361,process,attack
26351,process,attack,1620857402.000,Process_Create,26353,process,attack
26351,process,attack,1620857402.000,Process_Create,26354,process,attack
26351,process,attack,1620857402.000,Process_Create,26357,process,attack
26351,process,attack,1620857402.000,CreateRemoteThread_detected_thread_created,2207,thread,attack
26354,process,attack,1620857402.000,Process_Create,26384,process,attack
26355,process,attack,1620857402.000,Process_Create,26386,process,attack
26362,process,attack,1620857402.000,Process_Create,26363,process,attack
26364,process,attack,1620857402.000,Process_Create,26365,process,attack
26366,process,attack,1620857402.000,Process_Create,26364,process,attack
26367,process,attack,1620857402.000,Process_Create,26373,process,attack
26367,process,attack,1620857402.000,Process_Create,26379,process,attack
26367,process,attack,1620857402.000,Process_Create,26366,process,attack
26367,process,attack,1620857402.000,Process_Create,26380,process,attack
26367,process,attack,1620857402.000,Process_Create,26371,process,attack
26367,process,attack,1620857402.000,Process_Create,26377,process,attack
26367,process,attack,1620857402.000,Process_Create,26375,process,attack
26367,process,attack,1620857402.000,Process_Create,26370,process,attack
26368,process,attack,1620857402.000,Process_Create,26369,process,attack
26370,process,attack,1620857402.000,Process_Create,26368,process,attack
26373,process,attack,1620857402.000,Process_Create,26374,process,attack
26375,process,attack,1620857402.000,Process_Create,26376,process,attack
26377,process,attack,1620857402.000,Process_Create,26378,process,attack
26381,process,attack,1620857402.000,Process_Create,26367,process,attack
26383,process,null,1620857402.000,Process_Create,26335,process,null
26384,process,attack,1620857402.000,Process_Create,26385,process,attack
26386,process,attack,1620857402.000,Process_Create,26393,process,attack
26386,process,attack,1620857402.000,Process_Create,26389,process,attack
26386,process,attack,1620857402.000,Process_Create,26354,process,attack
26387,process,attack,1620857402.000,Process_Create,26388,process,attack
26389,process,attack,1620857402.000,Process_Create,26387,process,attack
26390,process,attack,1620857402.000,CreateRemoteThread_detected_program2program,26344,process,attack
26390,process,attack,1620857402.000,CreateRemoteThread_detected_program2program,26421,process,attack
26390,process,attack,1620857402.000,CreateRemoteThread_detected_program2program,26405,process,attack
26390,process,attack,1620857402.000,CreateRemoteThread_detected_program2program,26413,process,attack
26390,process,attack,1620857402.000,CreateRemoteThread_detected_program2program,26350,process,attack
26390,process,attack,1620857402.000,CreateRemoteThread_detected_program2program,26351,process,attack
26390,process,attack,1620857402.000,CreateRemoteThread_detected_program2program,26422,process,attack
26390,process,attack,1620857402.000,CreateRemoteThread_detected_program2program,26403,process,attack
26390,process,attack,1620857402.000,CreateRemoteThread_detected_program2program,26343,process,attack
26390,process,attack,1620857402.000,CreateRemoteThread_detected_program2program,26263,process,attack
26391,process,attack,1620857402.000,Process_Create,26392,process,attack
26393,process,attack,1620857402.000,Process_Create,26391,process,attack
26394,process,attack,1620857402.000,Process_Create,26395,process,attack
26396,process,null,1620857402.000,Process_Create,26398,process,null
26396,process,null,1620857402.000,Process_Create,26397,process,null
26399,process,attack,1620857402.000,Process_Create,26266,process,attack
26401,process,attack,1620857402.000,Process_Create,26399,process,attack
26402,process,null,1620857402.000,Process_Create,26328,process,null
26403,process,attack,1620857402.000,CreateRemoteThread_detected_thread_created,2208,thread,attack
26405,process,attack,1620857402.000,CreateRemoteThread_detected_thread_created,2206,thread,attack
26406,process,null,1620857402.000,Process_Create,26383,process,null
26406,process,null,1620857402.000,Process_Create,26345,process,null
26406,process,null,1620857402.000,Process_Create,26402,process,null
26407,process,attack,1620857403.000,Registry_value_set,26243,TargetObject,attack
26408,process,attack,1620857402.000,Process_Create,26409,process,attack
26409,process,attack,1621257793.000,connection_d,26423,connection,attack
26409,process,attack,1621257543.000,CreateRemoteThread_detected_thread_created,2202,thread,attack
26411,process,attack,1620857402.000,Process_Create,26413,process,attack
26411,process,attack,1620857402.000,Process_Create,26412,process,attack
26411,process,attack,1620857402.000,Process_Create,2197,process,attack
26413,process,attack,1620857402.000,Registry_value_set,26244,TargetObject,attack
26413,process,attack,1620857402.000,CreateRemoteThread_detected_thread_created,2203,thread,attack
26414,process,attack,1620857402.000,Process_Create,26408,process,attack
26414,process,attack,1620857402.000,Process_Create,26416,process,attack
26415,process,attack,1620857402.000,Process_Create,26411,process,attack
26415,process,attack,1620857402.000,Process_Create,26418,process,attack
26417,process,attack,1620857402.000,Process_Create,26414,process,attack
26417,process,attack,1620857402.000,Process_Create,26415,process,attack
26419,process,null,1621178232.000,file_created,2191,file,null
26419,process,null,1620879375.000,file_created,2191,file,null
26419,process,null,1620877702.000,file_created,2192,file,null
26419,process,null,1621010775.000,file_created,2192,file,null
26419,process,null,1621034145.000,file_created,2191,file,null
26419,process,null,1620857402.000,file_created,2194,file,null
26419,process,null,1621151279.000,file_created,2192,file,null
26419,process,null,1620857402.000,file_created,2195,file,null
26420,process,null,1620857624.000,Registry_value_set,26242,TargetObject,null
26421,process,attack,1620857402.000,CreateRemoteThread_detected_thread_created,2204,thread,attack
26422,process,attack,1620857402.000,CreateRemoteThread_detected_thread_created,2205,thread,attack
26423,connection,attack,1621257793.000,Lateral_Movement,2150,connection,attack
26423,connection,attack,1621257793.000,Lateral_Movement,2142,connection,attack
26423,connection,attack,1621257793.000,Lateral_Movement,2143,connection,attack
26446,logon,attack,1620857406.000,logon_process,2197,process,attack
26446,logon,attack,1620857606.000,logon_process,2197,process,attack
26446,logon,attack,1620857404.000,logon_process,2197,process,attack
26446,logon,attack,1620857408.000,logon_process,2197,process,attack
26446,logon,attack,1620857605.000,logon_process,2197,process,attack
26446,logon,attack,1620866854.000,logon_process,2197,process,attack
26447,connection,null,1621257793.000,connection_s,26409,process,attack
26448,connection,null,1621256998.000,connection_s,26262,process,attack
26483,connection,null,1621255584.000,connection_s,26263,process,attack
26484,connection,null,1621255584.000,connection_s,26340,process,attack
26486,connection,null,1621255548.000,connection_s,26266,process,attack